2
1 1
1.34427 1.13771
1.68853 1.27541
2.0328 1.41312
2.37707 1.55083
2.72133 1.68853
3.0656 1.82624
3.40987 1.96395
3.75413 2.10165
4.0984 2.23936
4.44267 2.37707
4.78694 2.51477
5.1312 2.65248
5.47547 2.79019
5.81974 2.92789
5.82864 2.95716
5.46892 2.86723
5.10921 2.7773
4.74949 2.68737
4.38977 2.59744
4.03006 2.50751
3.67034 2.41759
3.31063 2.32766
2.95091 2.23773
2.59119 2.1478
2.23148 2.05787
1.97703 2.13017
1.91259 2.49532
1.84815 2.86046
1.78372 3.22561
1.71928 3.59075
1.65484 3.9559
1.5904 4.32104
1.52597 4.68619
1.46153 5.05133
1.3958 5.38381
1.30275 5.02489
1.20969 4.66597
1.11664 4.30704
1.02359 3.94812
0.930534 3.5892
0.837481 3.23028
0.744427 2.87136
0.651374 2.51244
0.558321 2.15352
0.465267 1.7946
0.372214 1.43568
0.27916 1.07676
0.186107 0.717841
0 0