768
-1.951564788818360e-02
-1.083844600579650e-04
-1.104873681679720e-04
-1.948513031005860e-02
-1.082083971072440e-04
6.396953876205940e-06
-1.942409515380860e-02
1.279390775240800e-05
6.396953876207090e-06
-1.945461273193360e-02
1.279390775240830e-05
-1.101352422665300e-04
-1.933254241943360e-02
2.132317958734010e-05
-1.094309904636450e-04
-1.914943695068360e-02
2.985245142227180e-05
-1.083746127593180e-04
-1.911891937255860e-02
2.985245142227060e-05
6.396953876205890e-06
-1.930202484130860e-02
2.132317958734090e-05
6.396953876205530e-06
-1.924098968505860e-02
2.132317958734040e-05
1.066158979367130e-05
-1.905788421630860e-02
2.985245142227120e-05
1.066158979367080e-05
-1.896633148193360e-02
2.985245142227140e-05
1.492622571113380e-05
-1.914943695068360e-02
2.132317958734060e-05
1.492622571113350e-05
-1.927150726318360e-02
1.279390775240720e-05
1.492622571113320e-05
-1.936305999755860e-02
1.279390775240720e-05
1.066158979367080e-05
-1.942409515380860e-02
-1.078562712058020e-04
1.066158979367240e-05
-1.933254241943360e-02
-1.073280823536380e-04
1.492622571113360e-05
-1.921047210693360e-02
-1.066238305507530e-04
1.919086162860150e-05
-1.914943695068360e-02
1.279390775240800e-05
1.919086162860050e-05
-1.899684906005860e-02
1.279390775240820e-05
2.345549754607370e-05
-1.905788421630860e-02
-1.057435157971470e-04
2.345549754607320e-05
-1.887477874755860e-02
-1.046871380928210e-04
2.772013346354130e-05
-1.866115570068360e-02
-1.034546974377730e-04
3.198476938100520e-05
-1.860012054443360e-02
1.279390775240720e-05
3.198476938100600e-05
-1.881374359130860e-02
1.279390775240730e-05
2.772013346354160e-05
-1.869167327880860e-02
2.132317958734140e-05
2.772013346354120e-05
-1.847805023193360e-02
2.132317958734020e-05
3.198476938100600e-05
-1.829494476318360e-02
2.985245142227120e-05
3.198476938100550e-05
-1.850856781005860e-02
2.985245142227190e-05
2.772013346354210e-05
-1.869167327880860e-02
2.985245142227130e-05
2.345549754607300e-05
-1.887477874755860e-02
2.132317958734100e-05
2.345549754607330e-05
-1.902736663818360e-02
2.132317958734020e-05
1.919086162860120e-05
-1.884426116943360e-02
2.985245142227120e-05
1.919086162860230e-05
-1.860012054443360e-02
3.838172325720630e-05
1.919086162860180e-05
-1.829494476318360e-02
4.691099509214760e-05
1.919086162860160e-05
-1.814235687255860e-02
4.691099509214660e-05
2.345549754607330e-05
-1.844753265380860e-02
3.838172325720810e-05
2.345549754607440e-05
-1.826442718505860e-02
3.838172325720770e-05
2.772013346354150e-05
-1.805080413818360e-02
3.838172325720790e-05
3.198476938100560e-05
-1.774562835693360e-02
4.691099509214740e-05
3.198476938100590e-05
-1.795925140380860e-02
4.691099509214580e-05
2.772013346354180e-05
-1.759304046630860e-02
5.544026692708160e-05
2.772013346354220e-05
-1.737941741943360e-02
5.544026692708350e-05
3.198476938100630e-05
-1.695217132568360e-02
6.396953876201570e-05
3.198476938100660e-05
-1.716579437255860e-02
6.396953876201810e-05
2.772013346354110e-05
-1.734889984130860e-02
6.396953876201650e-05
2.345549754607350e-05
-1.777614593505860e-02
5.544026692708340e-05
2.345549754607360e-05
-1.792873382568360e-02
5.544026692708350e-05
1.919086162860160e-05
-1.750148773193360e-02
6.396953876201501e-05
1.919086162860180e-05
-1.762355804443360e-02
6.396953876201631e-05
1.492622571113390e-05
-1.771511077880860e-02
6.396953876201590e-05
1.066158979367080e-05
-1.814235687255860e-02
5.544026692708370e-05
1.066158979367110e-05
-1.805080413818360e-02
5.544026692708260e-05
1.492622571113390e-05
-1.841701507568360e-02
4.691099509214700e-05
1.492622571113370e-05
-1.872219085693360e-02
3.838172325720640e-05
1.492622571113390e-05
-1.881374359130860e-02
3.838172325720750e-05
1.066158979367100e-05
-1.850856781005860e-02
4.691099509214750e-05
1.066158979367080e-05
-1.856960296630860e-02
4.691099509214720e-05
6.396953876205760e-06
-1.887477874755860e-02
3.838172325720750e-05
6.396953876205700e-06
-1.890529632568360e-02
3.838172325720720e-05
-1.069661091535490e-04
-1.860012054443360e-02
4.691099509214660e-05
-1.052054796463370e-04
-1.823390960693360e-02
5.544026692708390e-05
-1.030927242376840e-04
-1.820339202880860e-02
5.544026692708300e-05
6.396953876205670e-06
-1.777614593505860e-02
6.396953876201560e-05
6.396953876205750e-06
-1.780666351318360e-02
6.396953876201640e-05
-1.006278429275880e-04
-1.731838226318360e-02
7.249881059695120e-05
-9.781083571604940e-05
-1.676906585693360e-02
8.102808243189211e-05
-9.464170260306890e-05
-1.673854827880860e-02
8.102808243189090e-05
6.396953876205390e-06
-1.728786468505860e-02
7.249881059695200e-05
6.396953876205410e-06
-1.722682952880860e-02
7.249881059695190e-05
1.066158979367150e-05
-1.713527679443360e-02
7.249881059695150e-05
1.492622571113490e-05
-1.658596038818360e-02
8.102808243189190e-05
1.492622571113410e-05
-1.667751312255860e-02
8.102808243189150e-05
1.066158979367130e-05
-1.606716156005860e-02
8.955735426682750e-05
1.066158979367090e-05
-1.597560882568360e-02
8.955735426682670e-05
1.492622571113440e-05
-1.530422210693360e-02
9.808662610176280e-05
1.492622571113420e-05
-1.539577484130860e-02
9.808662610176179e-05
1.066158979367070e-05
-1.545680999755860e-02
9.808662610176350e-05
6.396953876204780e-06
-1.612819671630860e-02
8.955735426682720e-05
6.396953876205060e-06
-1.615871429443360e-02
8.955735426682660e-05
-9.112044358864599e-05
-1.548732757568360e-02
9.808662610176259e-05
-8.724705867278041e-05
-1.475490570068360e-02
1.066158979366990e-04
-8.302154785547291e-05
-1.472438812255860e-02
1.066158979367000e-04
6.396953876204300e-06
-1.393093109130860e-02
1.151451697716350e-04
6.396953876205060e-06
-1.396144866943360e-02
1.151451697716350e-04
-7.844391113672310e-05
-1.310695648193360e-02
1.236744416065720e-04
-7.351414851653090e-05
2.378049087524410e-01
1.925046559945130e-01
1.374054304758670e-03
2.378354263305660e-01
1.925044799315620e-01
6.396953876153940e-06
-1.307643890380860e-02
1.236744416065710e-04
6.396953876204390e-06
-1.301540374755860e-02
1.236744416065710e-04
1.066158979367060e-05
2.378964614868160e-01
1.925041278056610e-01
1.066158979366040e-05
2.379880142211910e-01
1.925035996168090e-01
1.492622571118470e-05
-1.292385101318360e-02
1.236744416065710e-04
1.492622571113500e-05
-1.377834320068360e-02
1.151451697716350e-04
1.492622571113490e-05
-1.386989593505860e-02
1.151451697716350e-04
1.066158979367080e-05
-1.466335296630860e-02
1.066158979366990e-04
1.066158979367130e-05
-1.457180023193360e-02
1.066158979366990e-04
1.492622571113510e-05
-1.444972991943360e-02
1.066158979367000e-04
1.919086162860290e-05
-1.429714202880860e-02
1.066158979366980e-04
2.345549754607380e-05
-1.350368499755860e-02
1.151451697716340e-04
2.345549754607360e-05
-1.365627288818360e-02
1.151451697716340e-04
1.919086162860370e-05
-1.280178070068360e-02
1.236744416065710e-04
1.919086162860280e-05
2.381100845336910e-01
1.925028953650060e-01
1.919086162864960e-05
2.382626724243160e-01
1.925020150502520e-01
2.345549754607630e-05
-1.264919281005860e-02
1.236744416065700e-04
2.345549754607380e-05
-1.246608734130860e-02
1.236744416065720e-04
2.772013346354250e-05
2.384457778930660e-01
1.925009586725480e-01
2.772013346354120e-05
2.386594009399420e-01
1.924997262318930e-01
3.198476938105900e-05
-1.225246429443360e-02
1.236744416065720e-04
3.198476938100770e-05
-1.310695648193360e-02
1.151451697716350e-04
3.198476938100710e-05
-1.332057952880860e-02
1.151451697716350e-04
2.772013346354150e-05
-1.411403656005860e-02
1.066158979366990e-04
2.772013346354150e-05
-1.390041351318360e-02
1.066158979366990e-04
3.198476938100670e-05
-1.463283538818360e-02
9.808662610176270e-05
3.198476938100670e-05
-1.530422210693360e-02
8.955735426682711e-05
3.198476938100710e-05
-1.551784515380860e-02
8.955735426682570e-05
2.772013346354190e-05
-1.484645843505860e-02
9.808662610176330e-05
2.772013346354180e-05
-1.502956390380860e-02
9.808662610176300e-05
2.345549754607340e-05
-1.518215179443360e-02
9.808662610176259e-05
1.919086162860200e-05
-1.585353851318360e-02
8.955735426682730e-05
1.919086162860270e-05
-1.570095062255860e-02
8.955735426682711e-05
2.345549754607340e-05
-1.631130218505860e-02
8.102808243189110e-05
2.345549754607240e-05
-1.646389007568360e-02
8.102808243189120e-05
1.919086162860280e-05
-1.701320648193360e-02
7.249881059695200e-05
1.919086162860180e-05
-1.686061859130860e-02
7.249881059695270e-05
2.345549754607290e-05
-1.667751312255860e-02
7.249881059695140e-05
2.772013346354160e-05
-1.612819671630860e-02
8.102808243189150e-05
2.772013346354200e-05
-1.591457366943360e-02
8.102808243189129e-05
3.198476938100580e-05
-1.646389007568360e-02
7.249881059695179e-05
3.198476938100660e-05
-1.621974945068360e-02
7.249881059695200e-05
3.624940529847360e-05
-1.567043304443360e-02
8.102808243189049e-05
3.624940529847410e-05
-1.539577484130860e-02
8.102808243189129e-05
4.051404121594540e-05
-1.594509124755860e-02
7.249881059695200e-05
4.051404121594550e-05
-1.563991546630860e-02
7.249881059695250e-05
4.477867713341310e-05
-1.530422210693360e-02
7.249881059695240e-05
4.904331305088100e-05
-1.475490570068360e-02
8.102808243189150e-05
4.904331305088090e-05
-1.509059906005860e-02
8.102808243189129e-05
4.477867713341400e-05
-1.448024749755860e-02
8.955735426682610e-05
4.477867713341330e-05
-1.414455413818360e-02
8.955735426682581e-05
4.904331305088120e-05
-1.347316741943360e-02
9.808662610176291e-05
4.904331305088130e-05
-1.380886077880860e-02
9.808662610176339e-05
4.477867713341330e-05
-1.411403656005860e-02
9.808662610176320e-05
4.051404121594550e-05
-1.478542327880860e-02
8.955735426682700e-05
4.051404121594540e-05
-1.506008148193360e-02
8.955735426682730e-05
3.624940529847440e-05
-1.438869476318360e-02
9.808662610176310e-05
3.624940529847520e-05
-1.365627288818360e-02
1.066158979366990e-04
3.624940529847470e-05
-1.338161468505860e-02
1.066158979367000e-04
4.051404121594480e-05
-1.258815765380860e-02
1.151451697716350e-04
4.051404121594500e-05
-1.286281585693360e-02
1.151451697716350e-04
3.624940529847490e-05
-1.200832366943360e-02
1.236744416065720e-04
3.624940529847530e-05
2.389035415649410e-01
1.924983177282870e-01
3.624940529853420e-05
2.391781997680660e-01
1.924967331617310e-01
4.051404121594530e-05
-1.173366546630860e-02
1.236744416065710e-04
4.051404121594620e-05
-1.142848968505860e-02
1.236744416065720e-04
4.477867713341320e-05
2.394833755493160e-01
1.924949725322230e-01
4.477867713342230e-05
2.398190689086920e-01
1.924930358397660e-01
4.904331305087330e-05
-1.109279632568360e-02
1.236744416065710e-04
4.904331305088100e-05
-1.194728851318360e-02
1.151451697716350e-04
4.904331305088110e-05
-1.228298187255860e-02
1.151451697716350e-04
4.477867713341410e-05
-1.307643890380860e-02
1.066158979366990e-04
4.477867713341360e-05
-1.274074554443360e-02
1.066158979366990e-04
4.904331305088130e-05
-1.237453460693360e-02
1.066158979366990e-04
5.330794896834960e-05
-1.197780609130860e-02
1.066158979366990e-04
5.757258488581740e-05
-1.118434906005860e-02
1.151451697716340e-04
5.757258488581720e-05
-1.158107757568360e-02
1.151451697716340e-04
5.330794896834910e-05
-1.072658538818360e-02
1.236744416065720e-04
5.330794896834990e-05
2.401852798461910e-01
1.924909230843570e-01
5.330794896836250e-05
2.405820083618170e-01
1.924886342659970e-01
5.757258488582220e-05
-1.032985687255860e-02
1.236744416065710e-04
5.757258488581770e-05
-9.902610778808590e-03
1.236744416065710e-04
6.183722080328561e-05
2.410092544555660e-01
1.924861693846870e-01
6.183722080327081e-05
3.664651870727540e-01
1.917623851580500e-01
9.482408146246871e-02
1.155533218383790e-01
1.236744416065650e-04
9.627164991574400e-02
1.146988296508790e-01
1.151451697716430e-04
9.627657967836430e-02
-1.075710296630860e-02
1.151451697716350e-04
6.183722080328550e-05
-1.155055999755860e-02
1.066158979366990e-04
6.183722080328561e-05
1.139053726196290e-01
1.066158979367020e-04
9.628115731508299e-02
1.131729507446290e-01
9.808662610176421e-05
9.628538282590030e-02
1.125015640258790e-01
8.955735426683190e-05
9.628925621081620e-02
-1.295436859130860e-02
8.955735426682720e-05
6.183722080328609e-05
-1.228298187255860e-02
9.808662610176300e-05
6.183722080328609e-05
-1.271022796630860e-02
9.808662610176330e-05
5.757258488581730e-05
-1.310695648193360e-02
9.808662610176240e-05
5.330794896834910e-05
-1.377834320068360e-02
8.955735426682679e-05
5.330794896834870e-05
-1.338161468505860e-02
8.955735426682670e-05
5.757258488581730e-05
-1.399196624755860e-02
8.102808243189100e-05
5.757258488581770e-05
-1.438869476318360e-02
8.102808243189150e-05
5.330794896834950e-05
-1.493801116943360e-02
7.249881059695211e-05
5.330794896834920e-05
-1.454128265380860e-02
7.249881059695270e-05
5.757258488581720e-05
-1.411403656005860e-02
7.249881059695300e-05
6.183722080328680e-05
-1.356472015380860e-02
8.102808243189161e-05
6.183722080328580e-05
1.118912124633790e-01
8.102808243189259e-05
9.629277746983060e-02
1.113418960571290e-01
7.249881059697540e-05
9.629594660294361e-02
1.108536148071290e-01
6.396953876204570e-05
9.629876361015510e-02
-1.460231781005860e-02
6.396953876201610e-05
6.183722080328630e-05
-1.502956390380860e-02
5.544026692708340e-05
6.183722080328590e-05
1.104263687133790e-01
5.544026692708390e-05
9.630122849146520e-02
1.100601577758790e-01
4.691099509215330e-05
9.630334124687390e-02
1.097549819946290e-01
3.838172325723480e-05
9.630510187638100e-02
-1.570095062255860e-02
3.838172325720800e-05
6.183722080328660e-05
-1.539577484130860e-02
4.691099509214740e-05
6.183722080328650e-05
-1.582302093505860e-02
4.691099509214770e-05
5.757258488581710e-05
-1.612819671630860e-02
3.838172325720820e-05
5.757258488581710e-05
-1.652492523193360e-02
3.838172325720750e-05
5.330794896834920e-05
-1.621974945068360e-02
4.691099509214830e-05
5.330794896834900e-05
-1.585353851318360e-02
5.544026692708440e-05
5.330794896834960e-05
-1.545680999755860e-02
5.544026692708250e-05
5.757258488581730e-05
-1.502956390380860e-02
6.396953876201640e-05
5.757258488581690e-05
-1.542629241943360e-02
6.396953876201620e-05
5.330794896834930e-05
-1.579250335693360e-02
6.396953876201599e-05
4.904331305088160e-05
-1.621974945068360e-02
5.544026692708360e-05
4.904331305088150e-05
-1.655544281005860e-02
5.544026692708410e-05
4.477867713341340e-05
-1.612819671630860e-02
6.396953876201670e-05
4.477867713341350e-05
-1.643337249755860e-02
6.396953876201640e-05
4.051404121594560e-05
-1.670803070068360e-02
6.396953876201590e-05
3.624940529847390e-05
-1.713527679443360e-02
5.544026692708320e-05
3.624940529847450e-05
-1.686061859130860e-02
5.544026692708350e-05
4.051404121594520e-05
-1.722682952880860e-02
4.691099509214740e-05
4.051404121594530e-05
-1.750148773193360e-02
4.691099509214710e-05
3.624940529847490e-05
-1.780666351318360e-02
3.838172325720760e-05
3.624940529847370e-05
-1.753200531005860e-02
3.838172325720740e-05
4.051404121594550e-05
-1.722682952880860e-02
3.838172325720840e-05
4.477867713341350e-05
-1.692165374755860e-02
4.691099509214680e-05
4.477867713341470e-05
-1.658596038818360e-02
4.691099509214790e-05
4.904331305088140e-05
-1.689113616943360e-02
3.838172325720780e-05
4.904331305088130e-05
-1.713527679443360e-02
2.985245142227190e-05
4.904331305088190e-05
-1.731838226318360e-02
2.132317958734100e-05
4.904331305088130e-05
-1.765407562255860e-02
2.132317958734020e-05
4.477867713341370e-05
-1.747097015380860e-02
2.985245142227180e-05
4.477867713341350e-05
-1.777614593505860e-02
2.985245142227190e-05
4.051404121594520e-05
-1.805080413818360e-02
2.985245142227180e-05
3.624940529847480e-05
-1.823390960693360e-02
2.132317958734070e-05
3.624940529847280e-05
-1.795925140380860e-02
2.132317958734030e-05
4.051404121594550e-05
-1.808132171630860e-02
1.279390775240740e-05
4.051404121594510e-05
-1.835597991943360e-02
1.279390775240730e-05
3.624940529847380e-05
-1.841701507568360e-02
-1.020461938320030e-04
3.624940529847380e-05
-1.814235687255860e-02
-1.004616272755130e-04
4.051404121594530e-05
-1.783718109130860e-02
-9.870099776830170e-05
4.477867713341310e-05
-1.777614593505860e-02
1.279390775240760e-05
4.477867713341300e-05
-1.744045257568360e-02
1.279390775240720e-05
4.904331305088100e-05
-1.750148773193360e-02
-9.676430531036890e-05
4.904331305088170e-05
-1.713527679443360e-02
-9.465154990171510e-05
5.330794896834840e-05
-1.673854827880860e-02
-9.236273154234070e-05
5.757258488581690e-05
-1.667751312255860e-02
1.279390775240630e-05
5.757258488581790e-05
-1.707424163818360e-02
1.279390775240730e-05
5.330794896835030e-05
-1.695217132568360e-02
2.132317958734110e-05
5.330794896834840e-05
-1.676906585693360e-02
2.985245142227170e-05
5.330794896834920e-05
-1.637233734130860e-02
2.985245142227200e-05
5.757258488581640e-05
-1.655544281005860e-02
2.132317958734070e-05
5.757258488581740e-05
-1.612819671630860e-02
2.132317958734070e-05
6.183722080328540e-05
-1.594509124755860e-02
2.985245142227190e-05
6.183722080328580e-05
1.095108413696290e-01
2.985245142229810e-05
9.630651037998690e-02
1.093277359008790e-01
2.132317958733260e-05
9.630756675769120e-02
1.092056655883790e-01
1.279390775237940e-05
9.630827100949420e-02
-1.625026702880860e-02
1.279390775240720e-05
6.183722080328641e-05
-1.631130218505860e-02
-8.989785023224431e-05
6.183722080328580e-05
1.091446304321290e-01
6.338863764053590e-04
9.630862313539550e-02
