10
10
30
50
1.9358e-006 -0.000146272 -0.000350353 -0.000520161 -0.000636654 -0.000708802 -0.000752341 -0.000781128 -0.000804679 -0.000828487 -0.000855288 -0.000886283 -0.000921984 -0.000962677 -0.00100862 -0.00106013 -0.0011176 -0.0011815 -0.00125243 -0.0013311 -0.00141838 -0.00151531 -0.00162305 -0.00174317 -0.00187744 -0.00202795 -0.00219759 -0.00238974 -0.00260885 -0.00286024 -0.00315151 -0.00349186 -0.00389424 -0.00437572 -0.00496083 -0.00568381 -0.00659552 -0.00777061 -0.00932113 -0.0114181 -0.0143119 -0.0183553 -0.0240006 -0.0317619 -0.0420619 -0.0547677 -0.0675358 -0.0695188 -0.0185852 0.225418 
3.73769e-006 -0.000632879 -0.00121755 -0.00167206 -0.00198779 -0.00219293 -0.0023256 -0.00241944 -0.00249847 -0.00257737 -0.00266406 -0.00276247 -0.00287455 -0.00300146 -0.00314422 -0.0033039 -0.00348174 -0.00367925 -0.0038982 -0.00414074 -0.0044094 -0.00470717 -0.00503766 -0.00540528 -0.00581517 -0.00627385 -0.00678941 -0.00737151 -0.00803279 -0.00878894 -0.00965997 -0.0106722 -0.0118598 -0.0132684 -0.0149597 -0.0170186 -0.0195624 -0.0227553 -0.0268257 -0.0320841 -0.0389209 -0.047754 -0.0588622 -0.0719818 -0.0854816 -0.0947102 -0.0885966 -0.0425308 0.094421 0.410719 
4.45532e-006 -0.00129707 -0.00235423 -0.00313769 -0.00367544 -0.00402825 -0.00426232 -0.00443322 -0.00458025 -0.00472764 -0.00488876 -0.00507048 -0.00527641 -0.00550881 -0.00576958 -0.0060607 -0.00638443 -0.00674342 -0.00714079 -0.00758024 -0.00806611 -0.00860354 -0.00919872 -0.00985893 -0.0105931 -0.011412 -0.0123288 -0.0133597 -0.0145247 -0.0158491 -0.0173644 -0.0191109 -0.0211401 -0.0235192 -0.0263357 -0.0297052 -0.0337806 -0.0387626 -0.0449095 -0.0525299 -0.0619292 -0.0732509 -0.0861042 -0.0988276 -0.107221 -0.102575 -0.0689331 0.0201428 0.203361 0.524528 
4.1474e-006 -0.00201378 -0.00357595 -0.00470205 -0.00546492 -0.00596461 -0.00629906 -0.00654712 -0.00676348 -0.00698163 -0.00722006 -0.00748836 -0.00779164 -0.00813318 -0.0085157 -0.00894204 -0.00941538 -0.00993942 -0.0105184 -0.0111575 -0.0118625 -0.0126405 -0.0134995 -0.0144494 -0.0155019 -0.016671 -0.0179737 -0.0194304 -0.0210665 -0.0229126 -0.0250073 -0.0273977 -0.0301436 -0.0333197 -0.0370207 -0.0413657 -0.0465055 -0.0526241 -0.0599382 -0.0686587 -0.0788944 -0.0903973 -0.102053 -0.110967 -0.111108 -0.0916479 -0.0355723 0.0804346 0.283011 0.592368 
3.37419e-006 -0.00272257 -0.0047867 -0.00625152 -0.00723431 -0.00787551 -0.00830566 -0.00862708 -0.0089097 -0.0091959 -0.00950896 -0.00986092 -0.0102582 -0.0107049 -0.0112044 -0.0117602 -0.0123763 -0.0130572 -0.0138079 -0.0146347 -0.0155444 -0.0165452 -0.0176468 -0.0188603 -0.0201992 -0.021679 -0.0233188 -0.0251409 -0.0271723 -0.0294455 -0.032 -0.0348834 -0.0381538 -0.041882 -0.0461537 -0.0510727 -0.0567629 -0.0633637 -0.0710177 -0.0798135 -0.089652 -0.0999369 -0.108987 -0.113074 -0.105154 -0.0736711 -0.00222662 0.128837 0.337947 0.633432 
2.48389e-006 -0.00339846 -0.00594308 -0.00773205 -0.00892444 -0.00969958 -0.0102196 -0.0106095 -0.0109538 -0.0113034 -0.0116861 -0.0121161 -0.0126009 -0.0131452 -0.0137531 -0.0144285 -0.0151757 -0.0159998 -0.0169066 -0.0179026 -0.0189954 -0.0201939 -0.021508 -0.0229497 -0.0245326 -0.0262728 -0.0281892 -0.0303037 -0.0326423 -0.0352357 -0.0381201 -0.0413381 -0.0449398 -0.0489844 -0.0535404 -0.0586868 -0.0645114 -0.0711028 -0.078529 -0.086769 -0.0955562 -0.104038 -0.110154 -0.109688 -0.0951339 -0.0548944 0.0263678 0.165393 0.375758 0.659404 
1.59719e-006 -0.00402961 -0.0070233 -0.00911513 -0.0105031 -0.0114027 -0.0120058 -0.0124586 -0.0128595 -0.0132671 -0.0137134 -0.0142145 -0.0147789 -0.0154119 -0.0161177 -0.0169006 -0.0177653 -0.0187169 -0.0197616 -0.0209059 -0.0221577 -0.0235257 -0.02502 -0.0266519 -0.0284346 -0.0303833 -0.0325151 -0.0348502 -0.0374113 -0.0402248 -0.043321 -0.0467344 -0.0505042 -0.0546744 -0.059294 -0.0644156 -0.0700927 -0.0763686 -0.0832506 -0.0906353 -0.0981381 -0.104737 -0.108141 -0.103869 -0.0842496 -0.0378842 0.0496083 0.192853 0.401888 0.676357 
7.41993e-007 -0.00460795 -0.00801268 -0.0103814 -0.0119479 -0.012961 -0.0136395 -0.0141493 -0.0146011 -0.0150609 -0.0155641 -0.0161288 -0.0167642 -0.0174759 -0.0182684 -0.0191461 -0.0201136 -0.0211763 -0.02234 -0.0236113 -0.0249977 -0.0265074 -0.0281499 -0.0299356 -0.0318762 -0.0339852 -0.0362772 -0.0387691 -0.0414795 -0.0444292 -0.0476413 -0.0511412 -0.0549563 -0.0591159 -0.0636504 -0.0685893 -0.0739577 -0.0797646 -0.0859732 -0.092425 -0.0986588 -0.103548 -0.104667 -0.0974015 -0.0740456 -0.0234564 0.0679524 0.213306 0.420653 0.688154 
-7.20505e-008 -0.00512655 -0.0088991 -0.0115152 -0.0132409 -0.014355 -0.0151005 -0.0156607 -0.0161575 -0.0166631 -0.0172164 -0.0178368 -0.0185342 -0.0193146 -0.0201823 -0.0211418 -0.0221976 -0.0233549 -0.0246192 -0.0259969 -0.0274947 -0.0291201 -0.0308816 -0.0327882 -0.03485 -0.0370778 -0.0394836 -0.0420804 -0.0448822 -0.047904 -0.0511616 -0.0546714 -0.0584503 -0.0625144 -0.0668787 -0.0715545 -0.0765457 -0.0818375 -0.0873646 -0.0929331 -0.0980358 -0.101483 -0.100772 -0.0912229 -0.0651508 -0.0116474 0.0822741 0.228704 0.434437 0.69668 
-8.33286e-007 -0.00557918 -0.00967188 -0.0125028 -0.0143664 -0.0155679 -0.0163713 -0.0169751 -0.0175106 -0.0180557 -0.018652 -0.0193201 -0.0200706 -0.0209093 -0.0218409 -0.0228694 -0.0239994 -0.0252357 -0.0265834 -0.0280483 -0.0296364 -0.0313546 -0.0332097 -0.0352094 -0.0373617 -0.0396752 -0.0421587 -0.0448215 -0.047673 -0.0507228 -0.05398 -0.0574535 -0.0611507 -0.0650773 -0.0692365 -0.0736261 -0.0782356 -0.0830345 -0.0879403 -0.0927378 -0.0968926 -0.0991766 -0.0970411 -0.0857749 -0.0577273 -0.00218231 0.0934032 0.240402 0.444751 0.703013 
-1.53041e-006 -0.00596033 -0.0103217 -0.0133324 -0.0153112 -0.0165855 -0.0174371 -0.0180772 -0.0186452 -0.0192233 -0.0198554 -0.0205634 -0.021358 -0.0222452 -0.0232294 -0.0243149 -0.0255057 -0.0268064 -0.0282217 -0.0297567 -0.0314169 -0.0332079 -0.0351355 -0.0372059 -0.0394251 -0.0417994 -0.0443349 -0.0470373 -0.0499122 -0.0529642 -0.056197 -0.0596129 -0.0632122 -0.0669926 -0.0709484 -0.0750683 -0.0793322 -0.0836999 -0.0880786 -0.0922412 -0.0956359 -0.0970105 -0.0937863 -0.0812336 -0.0517357 0.00527388 0.10201 0.249327 0.452557 0.707792 
-2.1478e-006 -0.00626529 -0.0108406 -0.013994 -0.016064 -0.0173958 -0.0182857 -0.0189547 -0.0195486 -0.0201532 -0.0208142 -0.0215541 -0.022384 -0.02331 -0.0243364 -0.0254673 -0.0267064 -0.0280582 -0.0295269 -0.0311171 -0.0328336 -0.0346811 -0.0366644 -0.0387882 -0.0410571 -0.0434753 -0.0460463 -0.0487734 -0.0516584 -0.0547023 -0.0579043 -0.0612617 -0.0647694 -0.0684191 -0.0721988 -0.0760912 -0.0800697 -0.0840884 -0.0880486 -0.0917153 -0.0945254 -0.0952086 -0.091164 -0.0776483 -0.0470711 0.0110196 0.108591 0.256116 0.458476 0.711417 
-2.66699e-006 -0.00649019 -0.0112223 -0.0144795 -0.0166157 -0.0179893 -0.0189072 -0.0195976 -0.0202108 -0.0208354 -0.0215182 -0.0222823 -0.023139 -0.0240944 -0.0251529 -0.0263182 -0.0275941 -0.0289848 -0.0304942 -0.0321264 -0.0338858 -0.0357764 -0.0378022 -0.0399669 -0.0422738 -0.0447254 -0.0473237 -0.0500695 -0.0529623 -0.0560001 -0.0591788 -0.0624922 -0.0659309 -0.0694826 -0.0731309 -0.0768541 -0.0806216 -0.0843837 -0.0880375 -0.0913427 -0.0937264 -0.0939031 -0.089252 -0.0750161 -0.0436234 0.0152916 0.113508 0.261203 0.462924 0.714146 
-3.07319e-006 -0.00663202 -0.0114617 -0.0147829 -0.0169595 -0.0183589 -0.0192941 -0.0199982 -0.0206243 -0.0212623 -0.0219599 -0.0227405 -0.0236156 -0.0245913 -0.0256719 -0.0268612 -0.028163 -0.0295812 -0.0311196 -0.0327823 -0.034573 -0.0364957 -0.0385537 -0.0407501 -0.0430874 -0.0455673 -0.0481904 -0.0509562 -0.0538626 -0.0569055 -0.0600788 -0.0633735 -0.0667778 -0.0702762 -0.0738492 -0.0774723 -0.0811118 -0.0847147 -0.088175 -0.0912467 -0.0933476 -0.0931766 -0.0880925 -0.0733226 -0.0413046 0.0182618 0.117009 0.264886 0.466177 0.716155 
-3.35118e-006 -0.0066887 -0.0115554 -0.0148998 -0.0170909 -0.0184995 -0.0194415 -0.0201515 -0.0207837 -0.0214285 -0.0221339 -0.0229234 -0.0238084 -0.0247953 -0.0258883 -0.0270914 -0.0284084 -0.0298432 -0.0313996 -0.0330817 -0.0348934 -0.0368384 -0.03892 -0.0411412 -0.0435042 -0.0460103 -0.0486598 -0.0514515 -0.0543826 -0.0574482 -0.0606407 -0.0639501 -0.0673625 -0.0708606 -0.074423 -0.0780225 -0.0816231 -0.0851689 -0.0885495 -0.0915126 -0.093465 -0.0930881 -0.087718 -0.0725622 -0.0400595 0.0200421 0.119259 0.267361 0.46842 0.717559 
-3.48848e-006 -0.00665904 -0.0115016 -0.0148283 -0.0170074 -0.0184087 -0.0193467 -0.0200548 -0.0206864 -0.0213313 -0.0220372 -0.0228277 -0.0237141 -0.0247029 -0.0257985 -0.027005 -0.0283264 -0.0297666 -0.03133 -0.0330208 -0.0348431 -0.036801 -0.0388981 -0.0411377 -0.0435225 -0.0460541 -0.0487332 -0.0515589 -0.0545286 -0.0576376 -0.0608781 -0.0642397 -0.067708 -0.0712649 -0.0748873 -0.0785466 -0.0822042 -0.0858004 -0.0892196 -0.092201 -0.0941377 -0.0936902 -0.0881672 -0.0727502 -0.0398709 0.0206891 0.120354 0.268745 0.469769 0.718429 
-3.47295e-006 -0.00654281 -0.0113 -0.014568 -0.016709 -0.0180864 -0.0190096 -0.0197079 -0.0203319 -0.02097 -0.0216691 -0.0224524 -0.0233313 -0.0243124 -0.0254003 -0.0265993 -0.0279136 -0.0293477 -0.0309063 -0.032594 -0.0344157 -0.0363761 -0.0384796 -0.0407303 -0.043132 -0.0456875 -0.0483986 -0.0512658 -0.0542878 -0.0574609 -0.0607788 -0.0642318 -0.0678064 -0.0714848 -0.0752435 -0.0790523 -0.0828702 -0.0866332 -0.0902188 -0.0933551 -0.0954172 -0.0950389 -0.0894947 -0.0739319 -0.0407647 0.0202042 0.120324 0.269092 0.470281 0.718804 
-3.30012e-006 -0.00634079 -0.0109522 -0.0141209 -0.0161978 -0.0175352 -0.0184328 -0.0191132 -0.0197225 -0.0203466 -0.0210311 -0.0217987 -0.0226608 -0.0236239 -0.024693 -0.0258727 -0.0271676 -0.0285827 -0.0301233 -0.0317947 -0.0336027 -0.0355529 -0.0376512 -0.039903 -0.0423137 -0.0448881 -0.0476301 -0.0505427 -0.0536268 -0.0568815 -0.0603032 -0.0638851 -0.067616 -0.0714799 -0.0754542 -0.0795085 -0.0835997 -0.087659 -0.0915552 -0.0950018 -0.0973503 -0.0971997 -0.0917796 -0.0761908 -0.0428175 0.018529 0.119136 0.268394 0.46996 0.71869 
-2.96043e-006 -0.00605478 -0.0104613 -0.0134912 -0.0154786 -0.0167598 -0.0176212 -0.0182756 -0.0188629 -0.0194656 -0.0201274 -0.0208703 -0.0217056 -0.0226398 -0.0236782 -0.0248256 -0.0260874 -0.0274689 -0.0289762 -0.0306156 -0.0323939 -0.034318 -0.0363955 -0.0386337 -0.0410403 -0.0436228 -0.0463882 -0.0493426 -0.0524912 -0.0558373 -0.0593821 -0.0631238 -0.0670558 -0.0711662 -0.075436 -0.0798368 -0.0843248 -0.0888269 -0.0932023 -0.0971455 -0.0999771 -0.10025 -0.0951319 -0.0796598 -0.0461694 0.0155331 0.116682 0.266572 0.468756 0.718058 
-2.46067e-006 -0.00568763 -0.00983214 -0.0126852 -0.0145587 -0.0157681 -0.0165827 -0.017203 -0.017761 -0.0183345 -0.0189651 -0.0196738 -0.0204716 -0.0213651 -0.0223598 -0.0234609 -0.024674 -0.0260054 -0.0274617 -0.0290503 -0.0307792 -0.0326568 -0.0346926 -0.0368963 -0.0392783 -0.0418495 -0.0446206 -0.0476025 -0.0508058 -0.0542404 -0.0579146 -0.0618335 -0.0659989 -0.0704073 -0.0750471 -0.0798957 -0.0849128 -0.0900239 -0.0950785 -0.0997493 -0.103317 -0.104271 -0.0996959 -0.0845328 -0.0510423 0.0109929 0.112761 0.26346 0.466546 0.716837 
-1.79806e-006 -0.00524329 -0.00907165 -0.0117116 -0.0134479 -0.0145705 -0.0153281 -0.0159062 -0.0164274 -0.0169638 -0.0175545 -0.0182191 -0.0189682 -0.0198084 -0.0207453 -0.0217845 -0.0229319 -0.0241944 -0.0255794 -0.027095 -0.0287505 -0.0305561 -0.032523 -0.0346636 -0.0369912 -0.0395203 -0.0422665 -0.0452464 -0.0484778 -0.0519786 -0.0557662 -0.0598574 -0.0642666 -0.069003 -0.0740697 -0.0794574 -0.0851367 -0.091039 -0.097009 -0.102698 -0.107337 -0.109331 -0.105643 -0.0910752 -0.0577669 0.00455233 0.107032 0.258762 0.463098 0.714885 
-9.89005e-007 -0.00472679 -0.00818837 -0.0105814 -0.0121587 -0.0131804 -0.0138713 -0.0143994 -0.0148762 -0.0153676 -0.0159093 -0.0165196 -0.0172083 -0.0179821 -0.0188464 -0.0198069 -0.0208701 -0.0220429 -0.0233334 -0.0247506 -0.0263046 -0.0280072 -0.0298712 -0.0319114 -0.034144 -0.0365874 -0.0392623 -0.042192 -0.0454018 -0.048919 -0.0527742 -0.0569982 -0.0616229 -0.0666789 -0.0721916 -0.0781775 -0.0846318 -0.091507 -0.0986575 -0.105721 -0.111876 -0.115418 -0.113137 -0.0996232 -0.0668182 -0.00434029 0.098934 0.251967 0.457997 0.711941 
-3.49426e-008 -0.00414422 -0.00719277 -0.00930797 -0.0107063 -0.0116143 -0.0122292 -0.0126999 -0.013125 -0.0135636 -0.0140473 -0.0145929 -0.0152095 -0.0159033 -0.0166796 -0.0175443 -0.0185034 -0.0195644 -0.0207354 -0.0220258 -0.0234465 -0.0250099 -0.0267305 -0.0286245 -0.0307108 -0.0330112 -0.0355513 -0.0383601 -0.0414707 -0.0449221 -0.0487571 -0.0530255 -0.0577812 -0.0630828 -0.0689911 -0.0755634 -0.0828424 -0.0908283 -0.0994163 -0.108258 -0.116493 -0.122291 -0.122213 -0.110527 -0.0788369 -0.0165377 0.0875242 0.242166 0.45047 0.707505 
1.04357e-006 -0.0035027 -0.0060973 -0.0079075 -0.0091093 -0.00989195 -0.0104227 -0.0108288 -0.0111954 -0.0115734 -0.0119906 -0.0124616 -0.0129945 -0.013595 -0.0142683 -0.0150195 -0.0158548 -0.0167811 -0.0178064 -0.0189401 -0.0201931 -0.0215779 -0.0231094 -0.0248046 -0.026684 -0.0287718 -0.0310963 -0.0336913 -0.0365971 -0.0398609 -0.0435406 -0.0477022 -0.052426 -0.0578044 -0.0639434 -0.0709606 -0.0789738 -0.088073 -0.0982475 -0.109227 -0.120169 -0.12915 -0.132457 -0.123904 -0.0945468 -0.0333042 0.0711824 0.227646 0.438986 0.700557 
2.20747e-006 -0.00281092 -0.0049175 -0.00640033 -0.007391 -0.00803845 -0.00847766 -0.00881285 -0.00911445 -0.0094249 -0.00976753 -0.0101547 -0.0105934 -0.0110884 -0.0116443 -0.0122658 -0.0129582 -0.0137279 -0.0145821 -0.0155295 -0.0165801 -0.0177458 -0.0190407 -0.0204814 -0.0220882 -0.023885 -0.0259014 -0.0281725 -0.0307419 -0.0336633 -0.0370016 -0.0408395 -0.0452772 -0.0504411 -0.0564864 -0.0636023 -0.0720077 -0.0819299 -0.0935304 -0.106728 -0.12084 -0.133976 -0.14223 -0.138891 -0.114212 -0.0562197 0.0471638 0.205023 0.420318 0.688868 
3.30162e-006 -0.00208182 -0.00367685 -0.00481687 -0.00558572 -0.00609007 -0.00643139 -0.00669002 -0.00692109 -0.0071581 -0.00741961 -0.00771543 -0.00805112 -0.00843057 -0.00885735 -0.00933527 -0.00986878 -0.010463 -0.011124 -0.0118589 -0.0126762 -0.0135861 -0.0146004 -0.015734 -0.0170043 -0.0184334 -0.0200474 -0.0218797 -0.0239714 -0.0263744 -0.029156 -0.0324001 -0.036219 -0.040757 -0.0462057 -0.0528157 -0.0609093 -0.0708759 -0.0831199 -0.09789 -0.114892 -0.132589 -0.147213 -0.151817 -0.135857 -0.0860013 0.0115463 0.167742 0.387593 0.667294 
3.93118e-006 -0.00134222 -0.0024215 -0.00321437 -0.00375605 -0.0041118 -0.0043503 -0.0045282 -0.0046851 -0.00484527 -0.00502207 -0.00522252 -0.00545053 -0.00570879 -0.00599976 -0.00632615 -0.00669104 -0.00709816 -0.0075518 -0.0080572 -0.00862042 -0.0092489 -0.00995162 -0.0107393 -0.0116256 -0.0126265 -0.0137631 -0.0150606 -0.0165523 -0.0182805 -0.0203002 -0.0226858 -0.0255354 -0.0289858 -0.0332256 -0.0385205 -0.0452415 -0.0538929 -0.0651042 -0.0795205 -0.0974545 -0.118179 -0.138878 -0.153351 -0.151204 -0.118067 -0.0373262 0.106756 0.325369 0.622261 
3.4613e-006 -0.000655437 -0.00125184 -0.00171149 -0.00202927 -0.00223579 -0.0023706 -0.00246801 -0.00255222 -0.00263791 -0.002733 -0.00284145 -0.00296539 -0.0031062 -0.0032652 -0.00344384 -0.00364386 -0.00386727 -0.00411658 -0.00439461 -0.00470492 -0.0050517 -0.00544 -0.00587633 -0.00636808 -0.00692519 -0.00755924 -0.00828614 -0.00912482 -0.0101018 -0.0112508 -0.0126184 -0.0142699 -0.0162963 -0.0188325 -0.0220787 -0.026338 -0.0320665 -0.0399184 -0.050725 -0.0653292 -0.0841222 -0.106092 -0.12763 -0.141086 -0.133888 -0.0883183 0.0181013 0.212213 0.524476 
1.74756e-006 -0.000150983 -0.000358823 -0.000530522 -0.000647689 -0.000720128 -0.000764158 -0.00079392 -0.000818996 -0.000844879 -0.000874271 -0.000908394 -0.000947786 -0.000992818 -0.00104383 -0.00110129 -0.00116569 -0.00123774 -0.00131814 -0.00140791 -0.00150808 -0.00162007 -0.00174561 -0.00188658 -0.00204573 -0.00222585 -0.00243131 -0.00266652 -0.00293869 -0.00325539 -0.00362878 -0.00407423 -0.0046132 -0.00527849 -0.00611767 -0.00720758 -0.00867503 -0.0107311 -0.0137106 -0.0181392 -0.0247268 -0.0342899 -0.0474833 -0.0640938 -0.0820894 -0.0960055 -0.0949767 -0.0592557 0.0491676 0.319115 
0 0 0 0 0 0 0 0 0 0 0 0 0 0 0 0 0 0 0 0 0 0 0 0 0 0 0 0 0 0 0 0 0 0 0 0 0 0 0 0 0 0 0 0 0 0 0 0 0 0 
8.82878e-005 0.000372537 0.000815247 0.00137204 0.00200401 0.0026837 0.00339506 0.00413083 0.00488938 0.00567224 0.00648252 0.00732411 0.00820131 0.00911869 0.0100812 0.011094 0.0121628 0.0132938 0.0144936 0.0157695 0.0171299 0.0185838 0.0201417 0.0218149 0.0236179 0.0255656 0.0276762 0.0299723 0.0324782 0.0352266 0.0382542 0.0416093 0.0453496 0.0495498 0.054304 0.0597361 0.0660118 0.0733571 0.0820741 0.0925713 0.105386 0.121181 0.140658 0.164323 0.191896 0.221098 0.244999 0.246561 0.188288 0 
0.000192921 0.000684693 0.00139312 0.00225298 0.00321406 0.0042422 0.00531747 0.00643073 0.00757995 0.00876721 0.00999684 0.0112743 0.0126059 0.0139982 0.0154584 0.0169943 0.0186142 0.0203269 0.0221423 0.0240711 0.0261252 0.0283179 0.0306638 0.0331799 0.0358854 0.0388017 0.0419547 0.0453733 0.0490937 0.053155 0.0576099 0.0625151 0.067947 0.0739903 0.0807595 0.0883871 0.0970512 0.106964 0.118384 0.13161 0.146929 0.164524 0.184165 0.204737 0.223233 0.233393 0.224042 0.179565 0.090844 0 
0.000236792 0.000822849 0.00164977 0.00263868 0.00373379 0.00489932 0.00611537 0.0073733 0.00867161 0.0100129 0.0114021 0.0128452 0.0143489 0.0159205 0.0175679 0.0192994 0.021124 0.0230512 0.0250914 0.0272561 0.0295577 0.0320101 0.0346282 0.0374296 0.0404327 0.0436595 0.0471344 0.0508851 0.0549444 0.0593489 0.0641421 0.0693745 0.0751031 0.0813956 0.0883273 0.0959881 0.104475 0.113894 0.124323 0.135819 0.148286 0.161382 0.174178 0.184748 0.189531 0.182883 0.157693 0.109072 0.0445165 0 
0.000244152 0.000849756 0.00170165 0.00271598 0.0038348 0.00502206 0.00625841 0.00753587 0.00885343 0.010214 0.0116226 0.0130852 0.0146083 0.0161993 0.0178656 0.0196153 0.0214568 0.0233994 0.0254526 0.0276271 0.0299342 0.0323863 0.0349969 0.0377806 0.0407532 0.043933 0.0473388 0.0509929 0.0549178 0.0591413 0.06369 0.0685963 0.0738903 0.0796051 0.0857698 0.0924099 0.0995449 0.107156 0.115193 0.123507 0.13181 0.139496 0.145522 0.14802 0.144264 0.13065 0.104223 0.0654027 0.023455 0 
0.000236381 0.000825465 0.00165477 0.00264149 0.00372842 0.00488031 0.00607845 0.00731533 0.00859012 0.00990575 0.0112669 0.0126794 0.0141494 0.0156834 0.0172884 0.0189717 0.020741 0.0226041 0.0245696 0.0266465 0.0288443 0.0311731 0.0336436 0.0362671 0.0390553 0.042021 0.045177 0.0485367 0.0521141 0.055922 0.0599741 0.064279 0.0688452 0.0736697 0.0787473 0.0840472 0.0895405 0.0951194 0.100682 0.105968 0.110666 0.114132 0.115512 0.113343 0.105913 0.0912669 0.068735 0.0402667 0.013072 0 
0.000222743 0.000779131 0.00156292 0.00249544 0.00352223 0.00460973 0.00574018 0.00690643 0.00810772 0.0093467 0.0106278 0.0119561 0.0133373 0.0147772 0.0162821 0.0178582 0.0195121 0.0212505 0.0230804 0.0250089 0.0270437 0.0291923 0.0314624 0.0338616 0.0363977 0.0390775 0.0419087 0.0448957 0.0480447 0.051356 0.0548308 0.0584609 0.0622355 0.0661296 0.0701112 0.0741212 0.0781019 0.0819102 0.0854314 0.0883883 0.0905117 0.091252 0.0899917 0.0857114 0.0774367 0.0642208 0.046323 0.0257925 0.00794525 0 
0.000206027 0.000720891 0.00144613 0.00230881 0.00325841 0.00426378 0.00530842 0.00638565 0.00749467 0.00863783 0.00981905 0.0110429 0.0123144 0.0136385 0.0150207 0.0164662 0.0179804 0.0195688 0.0212368 0.02299 0.024834 0.0267738 0.0288145 0.0309603 0.0332154 0.0355818 0.0380621 0.0406548 0.043358 0.046165 0.0490654 0.0520425 0.0550709 0.0581162 0.0611298 0.0640449 0.0667931 0.0692298 0.0712517 0.0726112 0.0731041 0.0723043 0.0698018 0.0649186 0.0571388 0.0460414 0.0321781 0.0172791 0.00523181 0 
0.000186879 0.000653691 0.00131085 0.00209217 0.0029519 0.00386181 0.00480693 0.00578118 0.00678376 0.00781669 0.00888337 0.00998777 0.0111342 0.0123269 0.0135703 0.0148689 0.016227 0.0176487 0.0191383 0.0206997 0.0223369 0.0240526 0.0258498 0.0277301 0.0296944 0.0317419 0.0338702 0.0360748 0.0383474 0.0406775 0.0430476 0.0454367 0.0478122 0.0501369 0.0523577 0.054409 0.0562271 0.0576809 0.0586893 0.0590506 0.0586207 0.0570886 0.0541915 0.0494905 0.0427243 0.0337381 0.0231169 0.0122169 0.00357977 0 
0.000165506 0.000578624 0.00115965 0.00185002 0.00260929 0.0034126 0.00424674 0.00510634 0.00599065 0.00690139 0.00784143 0.00881415 0.00982312 0.010872 0.0119643 0.0131037 0.0142934 0.0155367 0.0168365 0.0181959 0.0196168 0.0211009 0.0226492 0.0242616 0.0259366 0.0276716 0.0294611 0.0312987 0.0331731 0.0350713 0.0369734 0.0388567 0.0406883 0.0424313 0.0440364 0.0454442 0.046602 0.0474 0.0477771 0.0475817 0.046712 0.0449523 0.042131 0.0379695 0.0323342 0.0251982 0.0170579 0.00893426 0.00259325 0 
0.000142107 0.000496536 0.000994442 0.00158556 0.00223531 0.00292249 0.00363588 0.0043709 0.00512691 0.00590535 0.0067086 0.00753949 0.00840093 0.0092959 0.0102273 0.0111978 0.0122101 0.0132666 0.0143692 0.0155201 0.0167201 0.0179701 0.0192696 0.0206179 0.0220116 0.0234477 0.0249191 0.0264186 0.0279341 0.0294523 0.0309537 0.0324165 0.0338103 0.0351026 0.0362503 0.0372042 0.0379218 0.0383184 0.0383467 0.0378995 0.0369034 0.0352119 0.0327086 0.0292143 0.0246561 0.0190576 0.0128115 0.00668049 0.00193683 0 
0.00011692 0.000408336 0.000817116 0.00130192 0.00183448 0.0023975 0.0029819 0.00358401 0.00420334 0.00484108 0.00549916 0.00617988 0.00688557 0.00761864 0.00838131 0.00917578 0.010004 0.0108677 0.0117682 0.0127072 0.0136846 0.0147011 0.0157553 0.0168462 0.0179702 0.019124 0.0203005 0.021493 0.0226899 0.0238796 0.025044 0.0261651 0.027216 0.0281708 0.0289932 0.0296455 0.0300939 0.0302768 0.0301574 0.0296614 0.0287356 0.0272788 0.0252079 0.0224011 0.018813 0.0144783 0.00969907 0.00504868 0.00146353 0 
9.0219e-005 0.000315001 0.000629665 0.00100234 0.00141138 0.00184367 0.00229237 0.00275478 0.00323061 0.00372083 0.00422698 0.00475086 0.00529428 0.00585913 0.00644713 0.00705997 0.0076991 0.00836584 0.00906116 0.00978641 0.0105412 0.0113261 0.0121398 0.0129814 0.0138475 0.0147356 0.0156395 0.0165539 0.0174689 0.0183757 0.0192589 0.020105 0.0208921 0.0216008 0.0222027 0.0226701 0.0229775 0.0230811 0.0229534 0.0225421 0.0218081 0.020678 0.0190882 0.0169478 0.0142217 0.0109378 0.00732402 0.00381278 0.00110558 0 
6.22948e-005 0.000217551 0.000434156 0.000690119 0.000970714 0.00126713 0.00157489 0.00189231 0.00221933 0.00255674 0.00290569 0.00326752 0.00364363 0.00403537 0.00444411 0.00487106 0.00531738 0.00578407 0.00627203 0.00678243 0.00731493 0.00787047 0.00844782 0.00904699 0.00966541 0.0103019 0.0109516 0.0116118 0.0122748 0.0129351 0.0135815 0.0142049 0.0147894 0.015322 0.0157821 0.0161506 0.0164095 0.0165286 0.0164878 0.0162495 0.0157834 0.0150324 0.013943 0.0124394 0.0104859 0.00809687 0.00543887 0.00283758 0.000822173 0 
3.34461e-005 0.000117044 0.000232708 0.000368643 0.000517225 0.000674076 0.00083712 0.00100573 0.00118009 0.00136082 0.00154872 0.00174469 0.0019497 0.00216465 0.00239058 0.00262828 0.00287881 0.00314292 0.00342159 0.00371591 0.00402597 0.00435301 0.00469666 0.0050578 0.00543526 0.00582941 0.00623786 0.00666 0.00709183 0.00753121 0.00797182 0.00840929 0.00883436 0.00923986 0.0096133 0.00994286 0.0102178 0.0104177 0.0105289 0.0105235 0.0103761 0.0100385 0.00946013 0.00857068 0.00732669 0.00572533 0.00388102 0.00203623 0.0005883 0 
3.98588e-006 1.45662e-005 2.74949e-005 4.13627e-005 5.57619e-005 7.07859e-005 8.6808e-005 0.00010423 0.000123529 0.000145093 0.000169437 0.000196959 0.000228252 0.00026376 0.000304178 0.000350021 0.000402209 0.000461359 0.000528493 0.000604812 0.000690934 0.000788567 0.000898337 0.00102222 0.00116074 0.00131604 0.00148847 0.00168007 0.00189081 0.00212232 0.00237379 0.00264592 0.00293633 0.00324392 0.00356419 0.0038924 0.00422453 0.00454883 0.00485664 0.00512697 0.00533655 0.00544123 0.00538781 0.00510458 0.00453463 0.00365545 0.00253475 0.00134776 0.000386583 0 
-2.57602e-005 -8.87601e-005 -0.000179247 -0.000288182 -0.000408725 -0.000536319 -0.000668157 -0.000802817 -0.00093957 -0.00107823 -0.00121866 -0.00136092 -0.00150487 -0.00165052 -0.00179748 -0.00194552 -0.00209395 -0.00224227 -0.00238943 -0.00253404 -0.00267503 -0.00281016 -0.00293773 -0.0030547 -0.00315867 -0.00324566 -0.0033124 -0.00335396 -0.00336611 -0.00334289 -0.00327931 -0.0031691 -0.00300749 -0.00278871 -0.00250907 -0.00216541 -0.00175477 -0.00128037 -0.000746248 -0.00016743 0.000432944 0.00101142 0.00150763 0.00184243 0.00193999 0.0017548 0.00131054 0.000725294 0.00020359 0 
-5.54546e-005 -0.000191769 -0.000385215 -0.000616341 -0.000871144 -0.00114064 -0.00141966 -0.00170579 -0.0019981 -0.00229664 -0.00260169 -0.00291382 -0.00323339 -0.00356084 -0.00389618 -0.00423956 -0.0045906 -0.00494898 -0.00531366 -0.00568326 -0.00605624 -0.00643005 -0.00680195 -0.00716801 -0.00752396 -0.00786414 -0.00818228 -0.00847046 -0.00871991 -0.00892003 -0.00905991 -0.00912702 -0.00910874 -0.00899134 -0.00876168 -0.00840738 -0.00791693 -0.00728402 -0.00650667 -0.00559378 -0.00456884 -0.00347702 -0.00239015 -0.00140091 -0.000610776 -9.30748e-005 0.00013129 0.000128979 2.77679e-005 0 
-8.47421e-005 -0.000293257 -0.000588016 -0.000939347 -0.00132622 -0.00173536 -0.00215931 -0.00259473 -0.00304055 -0.00349711 -0.00396519 -0.00444588 -0.0049401 -0.00544879 -0.00597252 -0.00651192 -0.00706704 -0.00763782 -0.00822357 -0.00882291 -0.00943432 -0.0100549 -0.0106815 -0.0113092 -0.0119326 -0.0125442 -0.0131353 -0.0136945 -0.0142091 -0.0146637 -0.0150412 -0.015322 -0.0154848 -0.0155058 -0.0153612 -0.0150265 -0.0144793 -0.0136999 -0.0126779 -0.0114132 -0.00992888 -0.00827289 -0.00653289 -0.0048223 -0.00327712 -0.0020064 -0.00107973 -0.00048066 -0.000152326 0 
-0.000113256 -0.000391969 -0.00078518 -0.00125329 -0.0017685 -0.0023134 -0.00287838 -0.00345924 -0.00405488 -0.00466598 -0.00529385 -0.00594019 -0.00660654 -0.00729448 -0.00800532 -0.00874022 -0.00949989 -0.0102848 -0.0110947 -0.0119289 -0.0127858 -0.0136629 -0.0145569 -0.0154627 -0.016374 -0.0172821 -0.018176 -0.0190419 -0.0198633 -0.0206206 -0.0212903 -0.0218448 -0.022253 -0.02248 -0.022488 -0.0222371 -0.0216885 -0.0208048 -0.0195603 -0.0179408 -0.0159646 -0.0136818 -0.0112 -0.00866216 -0.00625158 -0.00412616 -0.00241343 -0.0011504 -0.000350693 0 
-0.000140617 -0.00048662 -0.000974162 -0.00155416 -0.00219236 -0.00286744 -0.00356781 -0.00428853 -0.00502852 -0.00578885 -0.00657145 -0.00737867 -0.0082128 -0.00907625 -0.00997107 -0.0108993 -0.0118624 -0.0128617 -0.0138979 -0.0149709 -0.0160802 -0.0172238 -0.0183992 -0.0196016 -0.0208246 -0.022059 -0.023293 -0.0245113 -0.0256952 -0.0268206 -0.0278582 -0.028773 -0.0295234 -0.0300612 -0.030332 -0.0302755 -0.0298303 -0.0289317 -0.027529 -0.0255823 -0.0230961 -0.0201175 -0.0167752 -0.0132539 -0.00980285 -0.00665031 -0.00399809 -0.00194747 -0.000587702 0 
-0.000166445 -0.00057591 -0.00115239 -0.00183786 -0.00259204 -0.00338999 -0.0042183 -0.00507141 -0.00594834 -0.00685061 -0.00778082 -0.00874204 -0.00973748 -0.0107704 -0.0118438 -0.0129608 -0.0141239 -0.0153355 -0.0165977 -0.0179116 -0.0192781 -0.0206968 -0.0221664 -0.0236835 -0.0252428 -0.026836 -0.0284521 -0.0300764 -0.0316889 -0.0332629 -0.034766 -0.0361558 -0.0373819 -0.0383814 -0.0390814 -0.0393956 -0.0392321 -0.0384862 -0.0370653 -0.0348849 -0.0319149 -0.0281835 -0.0238374 -0.0191147 -0.0143579 -0.00989837 -0.00604552 -0.00298476 -0.000899634 0 
-0.000190373 -0.000658559 -0.00131727 -0.00210026 -0.0029617 -0.00387336 -0.00482025 -0.0057963 -0.00680068 -0.00783542 -0.00890381 -0.0100098 -0.0111575 -0.0123511 -0.0135949 -0.014893 -0.0162493 -0.0176678 -0.0191519 -0.020705 -0.0223297 -0.0240281 -0.0258008 -0.0276471 -0.0295642 -0.0315469 -0.0335874 -0.035673 -0.0377854 -0.0399002 -0.0419829 -0.0439901 -0.0458627 -0.0475283 -0.048893 -0.0498443 -0.0502491 -0.0499497 -0.0487868 -0.0465989 -0.0432821 -0.0388105 -0.0333271 -0.0271246 -0.0206692 -0.0144532 -0.00894831 -0.00447778 -0.00135458 0 
-0.00021206 -0.000733305 -0.00146618 -0.00233704 -0.00329513 -0.00430935 -0.00536336 -0.0064507 -0.00757075 -0.00872605 -0.00992065 -0.0111593 -0.0124472 -0.0137896 -0.0151919 -0.0166594 -0.018198 -0.0198129 -0.02151 -0.0232946 -0.0251723 -0.0271476 -0.0292248 -0.0314067 -0.0336951 -0.0360901 -0.038589 -0.0411845 -0.0438653 -0.0466117 -0.0493969 -0.0521783 -0.0549014 -0.057486 -0.0598302 -0.0617932 -0.0632044 -0.0638355 -0.0634377 -0.0617226 -0.058451 -0.0534692 -0.046844 -0.0388837 -0.0301923 -0.0214891 -0.0135266 -0.00687895 -0.00210384 0 
-0.00023115 -0.000798594 -0.00159571 -0.00254249 -0.0035841 -0.00468709 -0.00583404 -0.0070182 -0.00823919 -0.00950006 -0.0108056 -0.0121613 -0.0135734 -0.0150481 -0.0165921 -0.0182123 -0.0199158 -0.0217103 -0.0236034 -0.0256035 -0.0277185 -0.0299573 -0.0323274 -0.0348375 -0.037495 -0.0403072 -0.043279 -0.0464133 -0.0497091 -0.0531606 -0.0567521 -0.0604596 -0.064238 -0.0680248 -0.0717188 -0.0751791 -0.0782026 -0.0805061 -0.081727 -0.0814141 -0.0791049 -0.0743853 -0.0670812 -0.057353 -0.0458431 -0.0335296 -0.0216134 -0.0112281 -0.00350805 0 
-0.000246815 -0.000850937 -0.0016984 -0.00270454 -0.00381167 -0.00498468 -0.00620538 -0.00746678 -0.00876867 -0.0101145 -0.0115096 -0.0129604 -0.0144736 -0.0160567 -0.0177175 -0.0194641 -0.0213054 -0.0232508 -0.0253104 -0.0274949 -0.0298159 -0.0322851 -0.0349157 -0.0377215 -0.0407173 -0.0439185 -0.0473401 -0.0509987 -0.0549078 -0.0590815 -0.0635272 -0.0682476 -0.0732331 -0.0784547 -0.0838548 -0.0893226 -0.0946826 -0.0996333 -0.103751 -0.106419 -0.1069 -0.104344 -0.0980348 -0.0875836 -0.073239 -0.0559519 -0.0374472 -0.019996 -0.00660066 0 
-0.000256022 -0.000879464 -0.00175287 -0.0027902 -0.0039329 -0.00514515 -0.00640818 -0.00771469 -0.0090644 -0.0104609 -0.01191 -0.0134183 -0.0149935 -0.0166436 -0.0183774 -0.020204 -0.0221338 -0.0241776 -0.0263475 -0.0286564 -0.0311185 -0.0337492 -0.0365661 -0.0395882 -0.0428375 -0.0463368 -0.0501138 -0.0541965 -0.0586196 -0.0634159 -0.0686276 -0.0742918 -0.0804529 -0.0871447 -0.0943916 -0.10218 -0.110444 -0.118993 -0.127484 -0.1353 -0.141507 -0.144764 -0.14351 -0.136077 -0.121304 -0.0989612 -0.0706009 -0.0399924 -0.0136225 0 
-0.000249165 -0.000853952 -0.00170338 -0.0027163 -0.00383628 -0.0050278 -0.00627157 -0.0075597 -0.00889144 -0.0102702 -0.0117016 -0.0131926 -0.0147508 -0.0163847 -0.0181031 -0.0199161 -0.0218342 -0.0238694 -0.0260342 -0.0283432 -0.0308119 -0.0334583 -0.036302 -0.0393666 -0.0426773 -0.0462648 -0.050163 -0.0544135 -0.0590617 -0.0641667 -0.0697907 -0.0760189 -0.0829414 -0.0906772 -0.0993511 -0.109108 -0.120084 -0.132378 -0.145989 -0.160667 -0.175713 -0.189742 -0.200372 -0.204248 -0.197227 -0.175508 -0.137305 -0.0857153 -0.0320757 0 
-0.000204349 -0.00071279 -0.00144115 -0.00232221 -0.00330518 -0.00435613 -0.00545567 -0.00659537 -0.00777387 -0.00899397 -0.0102607 -0.0115804 -0.0129601 -0.0144074 -0.0159307 -0.0175389 -0.0192421 -0.0210511 -0.0229778 -0.0250358 -0.02724 -0.0296074 -0.0321574 -0.0349127 -0.0378986 -0.0411461 -0.0446903 -0.0485743 -0.0528495 -0.0575778 -0.0628388 -0.0687284 -0.0753749 -0.0829372 -0.0916271 -0.101711 -0.113553 -0.127593 -0.144375 -0.164411 -0.188003 -0.214729 -0.242842 -0.268267 -0.284313 -0.281494 -0.249725 -0.181877 -0.0840109 0 
-9.62794e-005 -0.000390836 -0.000846106 -0.00141634 -0.00206215 -0.00275615 -0.00348268 -0.00423493 -0.00501177 -0.0058152 -0.00664882 -0.00751701 -0.00842463 -0.00937687 -0.0103794 -0.0114382 -0.0125602 -0.0137525 -0.0150233 -0.0163818 -0.0178381 -0.0194038 -0.0210925 -0.0229194 -0.0249025 -0.027063 -0.0294259 -0.0320216 -0.0348864 -0.0380664 -0.0416176 -0.0456158 -0.0501558 -0.0553693 -0.0614318 -0.0685888 -0.0772116 -0.0878002 -0.101143 -0.118208 -0.140326 -0.168659 -0.203966 -0.245227 -0.288604 -0.325551 -0.341589 -0.314686 -0.214256 0 
3.06837e-007 2.28887e-006 4.31701e-006 5.75106e-006 6.41836e-006 6.43405e-006 5.98455e-006 5.29422e-006 4.46184e-006 3.60866e-006 2.70676e-006 1.81805e-006 8.73177e-007 -8.14731e-008 -1.11518e-006 -2.20617e-006 -3.38375e-006 -4.69951e-006 -6.08739e-006 -7.76862e-006 -9.45346e-006 -1.16735e-005 -1.36709e-005 -1.69831e-005 -1.91616e-005 -2.45796e-005 -2.68432e-005 -3.57603e-005 -3.80727e-005 -5.04903e-005 -5.40713e-005 -6.8263e-005 -7.81576e-005 -9.50854e-005 -0.000119432 -0.000143198 -0.000202601 -0.000249352 -0.000379538 -0.000507194 -0.000722531 -0.000980404 -0.00120533 -0.00143785 -0.00143561 -0.00132023 -0.000897166 -0.00049721 -6.60397e-005 0 
-0.0215708 -0.0214852 -0.0214028 -0.0213601 -0.0213794 -0.0214715 -0.0216409 -0.0218894 -0.0222177 -0.022627 -0.023119 -0.0236959 -0.0243609 -0.0251174 -0.0259697 -0.0269226 -0.0279815 -0.0291524 -0.030442 -0.0318579 -0.0334084 -0.0351024 -0.0369503 -0.0389638 -0.0411546 -0.0435383 -0.0461316 -0.0489514 -0.0520218 -0.0553625 -0.0590071 -0.0629819 -0.0673363 -0.0721132 -0.0773873 -0.0832238 -0.0897272 -0.0970099 -0.105268 -0.114742 -0.125806 -0.139046 -0.155392 -0.176388 -0.204602 -0.244405 -0.303238 -0.39324 -0.530529 -0.736232 
-0.021763 -0.0216429 -0.02157 -0.0215501 -0.0215922 -0.021703 -0.0218869 -0.0221471 -0.0224858 -0.0229054 -0.0234081 -0.0239968 -0.0246747 -0.0254457 -0.0263141 -0.0272848 -0.0283634 -0.029556 -0.0308696 -0.032312 -0.0338915 -0.0356176 -0.0375011 -0.0395536 -0.0417883 -0.0442216 -0.0468697 -0.0497524 -0.0528922 -0.0563152 -0.0600491 -0.0641348 -0.0686125 -0.0735466 -0.0789974 -0.0850536 -0.0918071 -0.0994147 -0.108043 -0.117947 -0.129477 -0.143096 -0.15947 -0.179438 -0.204033 -0.234053 -0.269178 -0.305536 -0.330224 -0.301445 
-0.0218383 -0.0216816 -0.021595 -0.0215745 -0.0216218 -0.0217394 -0.0219298 -0.0221956 -0.0225391 -0.0229626 -0.0234689 -0.0240609 -0.024742 -0.0255162 -0.0263878 -0.0273618 -0.0284437 -0.0296399 -0.0309572 -0.0324033 -0.0339866 -0.0357166 -0.0376041 -0.0396604 -0.0419001 -0.0443374 -0.0469894 -0.0498768 -0.0530182 -0.0564431 -0.0601761 -0.0642578 -0.0687297 -0.0736492 -0.0790737 -0.0850771 -0.0917555 -0.0992131 -0.107609 -0.117116 -0.127974 -0.140443 -0.154848 -0.171416 -0.190147 -0.210218 -0.229138 -0.241338 -0.237018 -0.206866 
-0.0217082 -0.0215373 -0.021442 -0.0214178 -0.0214644 -0.0215824 -0.0217734 -0.0220389 -0.0223809 -0.0228018 -0.023304 -0.0238906 -0.0245651 -0.0253312 -0.0261933 -0.0271564 -0.0282259 -0.0294079 -0.0307092 -0.0321373 -0.0337002 -0.0354073 -0.0372687 -0.039296 -0.0415028 -0.0439021 -0.0465114 -0.0493474 -0.0524315 -0.0557844 -0.0594364 -0.0634161 -0.0677687 -0.0725336 -0.0777671 -0.0835209 -0.0898655 -0.0968807 -0.104682 -0.113355 -0.123064 -0.133907 -0.145996 -0.159264 -0.173281 -0.18684 -0.197364 -0.200848 -0.192798 -0.171187 
-0.021365 -0.0211944 -0.0210981 -0.0210725 -0.0211174 -0.0212331 -0.0214205 -0.0216809 -0.0220159 -0.0224275 -0.0229184 -0.0234912 -0.0241493 -0.0248965 -0.0257371 -0.0266757 -0.0277176 -0.0288686 -0.0301353 -0.0315248 -0.0330446 -0.0347035 -0.0365115 -0.0384793 -0.0406189 -0.0429429 -0.045467 -0.0482056 -0.0511778 -0.0544019 -0.0579023 -0.0617069 -0.065848 -0.0703633 -0.0752868 -0.0806627 -0.0865235 -0.0929507 -0.0999729 -0.107689 -0.116107 -0.125337 -0.135259 -0.145798 -0.15626 -0.165656 -0.171808 -0.172506 -0.165799 -0.152399 
-0.0208198 -0.0206564 -0.0205639 -0.0205393 -0.0205828 -0.0206946 -0.0208756 -0.0211268 -0.0214497 -0.0218461 -0.0223185 -0.0228694 -0.023502 -0.02422 -0.0250274 -0.0259285 -0.0269284 -0.0280327 -0.0292474 -0.0305791 -0.0320347 -0.0336227 -0.0353521 -0.0372326 -0.039275 -0.0414911 -0.0438928 -0.0464954 -0.049311 -0.0523592 -0.0556555 -0.0592273 -0.0630949 -0.0672921 -0.0718342 -0.0767546 -0.082063 -0.0878337 -0.0940322 -0.100763 -0.107947 -0.115674 -0.123735 -0.132026 -0.139866 -0.146483 -0.15033 -0.150297 -0.145752 -0.137254 
-0.0200854 -0.0199329 -0.0198467 -0.0198245 -0.0198666 -0.0199734 -0.0201455 -0.020384 -0.0206902 -0.0210658 -0.021513 -0.0220344 -0.0226329 -0.0233119 -0.024075 -0.0249266 -0.0258712 -0.026914 -0.0280605 -0.0293167 -0.030689 -0.0321854 -0.0338137 -0.0355827 -0.0375015 -0.0395813 -0.0418307 -0.0442637 -0.0468893 -0.0497232 -0.0527784 -0.0560748 -0.0596297 -0.0634644 -0.0675862 -0.072016 -0.0767498 -0.0818457 -0.0872459 -0.09303 -0.0990941 -0.105492 -0.111997 -0.118493 -0.124388 -0.129109 -0.131557 -0.131106 -0.127336 -0.122289 
-0.019175 -0.0190355 -0.0189572 -0.0189382 -0.0189786 -0.019079 -0.01924 -0.0194624 -0.0197477 -0.0200973 -0.0205133 -0.020998 -0.0215542 -0.0221851 -0.0228939 -0.0236846 -0.0245615 -0.0255292 -0.0265928 -0.0277576 -0.0290294 -0.0304159 -0.0319233 -0.0335598 -0.035333 -0.0372522 -0.0393253 -0.041562 -0.0439717 -0.046564 -0.0493514 -0.0523458 -0.0555633 -0.0590138 -0.0626993 -0.0666322 -0.070798 -0.0752411 -0.079894 -0.0848171 -0.0898954 -0.0951646 -0.100405 -0.105516 -0.110011 -0.1135 -0.115237 -0.114965 -0.112635 -0.109072 
-0.0181021 -0.0179774 -0.0179082 -0.0178926 -0.0179309 -0.0180236 -0.0181712 -0.0183747 -0.018635 -0.0189539 -0.019333 -0.0197745 -0.020281 -0.0208553 -0.0215005 -0.0222201 -0.023018 -0.0238983 -0.0248658 -0.025925 -0.0270816 -0.028342 -0.0297116 -0.0311976 -0.0328067 -0.0345459 -0.036423 -0.0384441 -0.040618 -0.0429506 -0.0454526 -0.0481309 -0.0509985 -0.0540588 -0.0573096 -0.0607572 -0.0643803 -0.0682147 -0.0721885 -0.0763483 -0.0805843 -0.0849145 -0.0891491 -0.0931996 -0.096688 -0.0993386 -0.100647 -0.1005 -0.0989033 -0.0964056 
-0.0168824 -0.0167739 -0.0167145 -0.0167025 -0.0167381 -0.0168218 -0.0169541 -0.0171356 -0.0173676 -0.0176512 -0.0179883 -0.0183807 -0.0188307 -0.0193409 -0.019914 -0.0205531 -0.0212619 -0.0220441 -0.0229039 -0.0238452 -0.0248735 -0.0259938 -0.0272114 -0.0285318 -0.0299616 -0.0315057 -0.0331713 -0.0349626 -0.036887 -0.0389482 -0.0411548 -0.0435109 -0.0460263 -0.0487004 -0.0515294 -0.054514 -0.057631 -0.0609081 -0.0642794 -0.0677733 -0.0713002 -0.0748591 -0.0783 -0.0815386 -0.0842939 -0.0863564 -0.0873852 -0.0873181 -0.0861882 -0.0843846 
-0.0155328 -0.0154419 -0.015393 -0.0153846 -0.0154169 -0.0154903 -0.0156052 -0.0157624 -0.0159626 -0.0162072 -0.0164975 -0.0168355 -0.0172229 -0.0176622 -0.0181557 -0.0187063 -0.0193172 -0.0199918 -0.0207338 -0.0215465 -0.0224352 -0.0234035 -0.0244569 -0.0255994 -0.0268374 -0.0281745 -0.0296171 -0.031168 -0.0328338 -0.0346164 -0.0365236 -0.0385566 -0.0407239 -0.0430217 -0.0454472 -0.0479963 -0.0506483 -0.0534207 -0.056262 -0.0591823 -0.0621143 -0.0650439 -0.0678563 -0.070472 -0.0726825 -0.0743227 -0.0751568 -0.0751437 -0.0743285 -0.0729908 
-0.0140723 -0.014 -0.0139621 -0.0139572 -0.0139857 -0.0140476 -0.0141435 -0.0142739 -0.0144396 -0.0146415 -0.0148811 -0.0151598 -0.0154794 -0.0158417 -0.0162491 -0.0167041 -0.0172096 -0.0177684 -0.0183839 -0.0190587 -0.0197981 -0.0206045 -0.0214835 -0.022438 -0.0234741 -0.0245944 -0.0258051 -0.0271077 -0.0285089 -0.0300089 -0.0316154 -0.0333274 -0.0351534 -0.037088 -0.0391295 -0.0412716 -0.0434978 -0.0458164 -0.0481906 -0.0506191 -0.0530512 -0.0554668 -0.0577778 -0.059912 -0.0617105 -0.0630412 -0.0637337 -0.0637597 -0.063166 -0.062162 
-0.0125214 -0.0124686 -0.012442 -0.0124406 -0.0124645 -0.012514 -0.0125893 -0.0126909 -0.0128195 -0.0129758 -0.0131611 -0.0133765 -0.0136236 -0.013904 -0.0142198 -0.0145732 -0.0149667 -0.0154028 -0.0158842 -0.0164134 -0.016995 -0.0176311 -0.0183269 -0.019085 -0.0199107 -0.0208063 -0.0217778 -0.0228261 -0.0239577 -0.0251726 -0.0264777 -0.0278722 -0.0293638 -0.0309481 -0.0326238 -0.0343849 -0.0362191 -0.0381294 -0.0400894 -0.0420939 -0.0441033 -0.0460965 -0.0480036 -0.0497615 -0.051244 -0.0523436 -0.0529316 -0.0529882 -0.0525583 -0.0518059 
-0.0109019 -0.0108692 -0.0108542 -0.0108561 -0.010875 -0.0109111 -0.0109645 -0.0110356 -0.011125 -0.0112332 -0.0113612 -0.0115099 -0.0116807 -0.0118752 -0.0120949 -0.0123418 -0.0126177 -0.0129251 -0.013266 -0.0136429 -0.0140597 -0.0145184 -0.0150238 -0.0155777 -0.0161858 -0.0168497 -0.0175754 -0.0183639 -0.0192212 -0.0201478 -0.0211507 -0.0222299 -0.0233926 -0.0246363 -0.0259609 -0.0273622 -0.0288317 -0.0303704 -0.0319594 -0.0335932 -0.035241 -0.0368826 -0.0384612 -0.0399208 -0.0411585 -0.0420832 -0.0425942 -0.0426768 -0.0423743 -0.0418195 
-0.00923685 -0.00922469 -0.00922142 -0.00922642 -0.00923981 -0.00926169 -0.00929217 -0.00933145 -0.00937988 -0.00943795 -0.0095063 -0.00958584 -0.00967763 -0.00978289 -0.00990287 -0.0100391 -0.0101931 -0.0103669 -0.0105622 -0.0107813 -0.0110275 -0.0113026 -0.0116108 -0.0119542 -0.0123377 -0.0127635 -0.0132366 -0.013759 -0.0143363 -0.0149706 -0.0156686 -0.0164319 -0.0172674 -0.018176 -0.0191588 -0.0202145 -0.0213383 -0.0225321 -0.0237826 -0.0250859 -0.0264184 -0.0277619 -0.0290695 -0.0302901 -0.0313366 -0.0321285 -0.0325841 -0.0326906 -0.0324924 -0.0320991 
-0.00755011 -0.00755872 -0.00756717 -0.00757507 -0.00758255 -0.00758966 -0.00759637 -0.00760282 -0.00760911 -0.00761565 -0.00762283 -0.00763147 -0.00764216 -0.00765593 -0.00767351 -0.0076961 -0.00772477 -0.00776122 -0.00780701 -0.00786373 -0.00793441 -0.00802061 -0.00812609 -0.00825277 -0.00840534 -0.00858574 -0.00879912 -0.00904809 -0.00933865 -0.00967409 -0.010061 -0.0105035 -0.011009 -0.0115816 -0.012225 -0.0129411 -0.0137294 -0.0145934 -0.0155263 -0.0165258 -0.0175763 -0.0186609 -0.019741 -0.0207676 -0.0216649 -0.0223564 -0.0227745 -0.0229053 -0.0227968 -0.0225418 
-0.00586627 -0.00589563 -0.00591567 -0.00592627 -0.00592751 -0.00591943 -0.0059019 -0.00587492 -0.00583845 -0.00579272 -0.00573803 -0.00567477 -0.0056033 -0.00552415 -0.00543768 -0.00534467 -0.00524593 -0.00514273 -0.00503599 -0.00492711 -0.00481845 -0.00471141 -0.00460905 -0.00451348 -0.00442823 -0.00435611 -0.00430172 -0.0042689 -0.00426343 -0.00428991 -0.00435582 -0.00446759 -0.0046342 -0.00486274 -0.00516033 -0.00553266 -0.00598398 -0.006521 -0.00714419 -0.00785444 -0.00864316 -0.00949583 -0.0103805 -0.011248 -0.0120294 -0.0126472 -0.0130426 -0.0131996 -0.0131719 -0.0130417 
-0.00421024 -0.0042601 -0.00429151 -0.00430456 -0.00429938 -0.00427592 -0.00423399 -0.00417348 -0.00409421 -0.00399631 -0.00387969 -0.00374451 -0.00359066 -0.00341827 -0.00322727 -0.00301817 -0.00279125 -0.00254713 -0.00228641 -0.00200997 -0.00171931 -0.00141576 -0.00110147 -0.000778126 -0.000448912 -0.000116737 0.000213879 0.000538743 0.000852244 0.00114804 0.00141749 0.0016519 0.00184048 0.00197292 0.00203889 0.00202701 0.00192717 0.00172768 0.00142036 0.000999457 0.000464872 -0.000171157 -0.000882972 -0.00161831 -0.00231091 -0.00287697 -0.00326277 -0.00344818 -0.00349669 -0.00348555 
-0.00260695 -0.00267685 -0.00271925 -0.00273456 -0.00272285 -0.0026841 -0.00261802 -0.00252442 -0.00240302 -0.00225368 -0.00207601 -0.00186975 -0.00163442 -0.00136967 -0.00107519 -0.000750863 -0.000396335 -1.17867e-005 0.000402771 0.000847421 0.00132087 0.00182307 0.00235231 0.00290766 0.00348624 0.0040856 0.00470153 0.00533047 0.00596572 0.00660008 0.00722363 0.00782614 0.00839506 0.00891721 0.00937581 0.00975517 0.0100363 0.0102028 0.0102342 0.0101189 0.00984527 0.00942273 0.00887121 0.00824867 0.00762364 0.00709123 0.00670461 0.00648806 0.00636555 0.00625563 
-0.00108104 -0.00117024 -0.0012232 -0.00124052 -0.00122239 -0.00116869 -0.00107918 -0.000953524 -0.000791318 -0.000592062 -0.000355079 -7.96832e-005 0.000235019 0.000589709 0.000985214 0.00142242 0.001902 0.00242469 0.00299132 0.00360222 0.00425809 0.0049586 0.00570421 0.00649357 0.00732568 0.00819818 0.00910895 0.0100533 0.0110252 0.0120164 0.0130176 0.0140178 0.0150016 0.0159511 0.0168468 0.0176641 0.0183765 0.0189562 0.0193713 0.0195976 0.0196116 0.0194162 0.0190264 0.0185079 0.0179352 0.0174214 0.017025 0.0167769 0.0165811 0.0163405 
0.000343524 0.000235982 0.000173073 0.000153882 0.000178246 0.000246135 0.000357955 0.000514016 0.000715072 0.000961838 0.0012554 0.00159679 0.0019873 0.00242802 0.00292059 0.00346615 0.0040665 0.00472289 0.005437 0.00621077 0.0070449 0.00794178 0.00890115 0.0099246 0.0110112 0.0121617 0.0133734 0.0146432 0.0159652 0.0173342 0.0187411 0.0201721 0.0216119 0.0230407 0.0244314 0.0257539 0.0269676 0.0280359 0.0289057 0.0295416 0.0298992 0.0299742 0.0297708 0.0293607 0.0288309 0.0283238 0.0279143 0.0276381 0.0273732 0.0269805 
0.00164383 0.00151919 0.00144699 0.00142613 0.00145622 0.00153735 0.00166977 0.00185413 0.00209125 0.00238231 0.00272855 0.00313153 0.00359276 0.00411418 0.0046976 0.00534541 0.00605951 0.00684275 0.00769751 0.00862656 0.00963303 0.0107188 0.0118871 0.0131395 0.0144791 0.0159062 0.0174211 0.0190215 0.0207071 0.0224731 0.0243097 0.0262092 0.0281527 0.0301197 0.0320788 0.0339911 0.0358047 0.0374666 0.0389062 0.0400662 0.0408789 0.0413153 0.0413576 0.0410817 0.040596 0.0400918 0.0396713 0.0393888 0.0390675 0.0384921 
0.00279837 0.00265809 0.00257746 0.00255499 0.0025903 0.00268326 0.00283433 0.00304415 0.00331395 0.00364497 0.00403897 0.00449763 0.00502322 0.00561786 0.00628451 0.00702546 0.00784456 0.00874447 0.00972969 0.0108037 0.0119708 0.0132352 0.0146011 0.0160736 0.0176563 0.0193529 0.0211652 0.0230982 0.0251517 0.0273239 0.0296156 0.0320125 0.0345082 0.0370752 0.0396846 0.0422879 0.0448261 0.0472328 0.0494176 0.0512968 0.0527573 0.053723 0.0541336 0.0540624 0.0536502 0.0531571 0.0527652 0.0525314 0.0522114 0.0513889 
0.00378733 0.00363317 0.00354509 0.00352127 0.00356107 0.00366438 0.00383157 0.00406361 0.00436172 0.00472758 0.00516305 0.00567043 0.00625212 0.00691126 0.00765062 0.00847441 0.00938576 0.0103902 0.0114914 0.0126958 0.0140079 0.0154344 0.0169817 0.0186566 0.0204653 0.0224142 0.0245118 0.026764 0.0291771 0.0317591 0.034506 0.0374273 0.0405028 0.0437278 0.0470604 0.0504683 0.0538797 0.0572377 0.0604222 0.0633193 0.0657406 0.0675345 0.0685733 0.0688935 0.0686657 0.0682776 0.0680113 0.0679895 0.067783 0.0666231 
0.00459259 0.00442681 0.00433276 0.00430803 0.00435173 0.0044636 0.00464416 0.00489439 0.00521585 0.0056103 0.00608009 0.00662761 0.00725612 0.00796856 0.00876923 0.00966168 0.0106517 0.0117433 0.0129442 0.0142585 0.0156957 0.0172617 0.0189668 0.0208179 0.0228261 0.025001 0.0273547 0.0298996 0.0326488 0.0356118 0.0388087 0.042233 0.0459058 0.0498006 0.0539204 0.0582204 0.0626774 0.0672164 0.071734 0.0760498 0.079921 0.083094 0.0853107 0.0865152 0.0868634 0.0868631 0.0870474 0.0875796 0.0877724 0.0860665 
0.00519737 0.00502358 0.00492604 0.00490147 0.00494858 0.00506714 0.00525774 0.00552168 0.00586058 0.00627671 0.00677237 0.00735071 0.00801477 0.00876862 0.0096161 0.0105627 0.0116129 0.0127741 0.0140514 0.0154544 0.0169892 0.0186678 0.0204978 0.0224924 0.0246624 0.0270229 0.0295908 0.0323808 0.035416 0.0387164 0.0422986 0.0461935 0.0503997 0.0549519 0.0598374 0.0650926 0.0706873 0.0766289 0.0827807 0.0890204 0.0950394 0.100526 0.105047 0.108315 0.110359 0.111793 0.113369 0.11538 0.116246 0.114061 
0.00558561 0.00541105 0.00531471 0.0052922 0.0053423 0.00546515 0.00566191 0.00593415 0.00628406 0.00671385 0.00722648 0.00782487 0.0085128 0.00929404 0.0101736 0.0111562 0.0122484 0.0134559 0.0147876 0.0162498 0.0178545 0.0196095 0.0215287 0.0236234 0.0259088 0.0284038 0.0311236 0.0340973 0.0373421 0.0408942 0.0447789 0.0490255 0.0536752 0.0587536 0.0643249 0.0704327 0.0771453 0.0844875 0.0924714 0.10102 0.109997 0.119098 0.127777 0.135628 0.142315 0.148334 0.154612 0.161613 0.167072 0.162567 
0.00574441 0.0055841 0.00549641 0.00547791 0.00552934 0.00565274 0.0058504 0.00612479 0.00647825 0.00691348 0.00743318 0.00804077 0.00873964 0.00953429 0.0104291 0.01143 0.0125426 0.0137744 0.0151324 0.0166267 0.0182655 0.0200619 0.0220266 0.0241741 0.0265222 0.0290861 0.0318934 0.0349605 0.0383287 0.0420158 0.0460729 0.0505267 0.0554329 0.0608516 0.0668629 0.0735699 0.081082 0.0895475 0.0990943 0.109936 0.122189 0.135878 0.151021 0.167175 0.184319 0.202391 0.222028 0.242704 0.259746 0.255743 
0.00568178 0.0055588 0.0054849 0.00546692 0.00551313 0.00562978 0.0058212 0.00609037 0.00643981 0.00687177 0.00738907 0.00799451 0.00869195 0.00948514 0.0103793 0.0113793 0.0124918 0.0137232 0.0150823 0.0165763 0.0182175 0.0200146 0.0219821 0.0241332 0.0264846 0.0290566 0.0318677 0.0349502 0.0383231 0.0420346 0.0461038 0.0505919 0.0555386 0.0610256 0.0671362 0.0740014 0.0817545 0.09063 0.100915 0.113023 0.127524 0.145251 0.166949 0.194116 0.227697 0.26994 0.32191 0.383238 0.443029 0.474588 
0.00548789 0.00540181 0.0053188 0.00527763 0.00530049 0.005398 0.00557441 0.00583141 0.00616984 0.00659111 0.00709692 0.00769014 0.00837373 0.00915202 0.0100291 0.0110108 0.0121023 0.0133113 0.0146441 0.0161107 0.0177191 0.0194818 0.0214091 0.023516 0.0258178 0.0283309 0.0310798 0.0340814 0.0373738 0.0409718 0.04493 0.0492648 0.054046 0.0593166 0.0651652 0.071683 0.0789992 0.0873359 0.0969106 0.108346 0.122257 0.140155 0.164108 0.197343 0.244905 0.313468 0.413823 0.562528 0.786231 1.099 
