10
10
50
50
1.02798e-006
-4.26815e-005
-0.000126221
-0.00019351
-0.000236846
-0.000261795
-0.000275795
-0.000284724
-0.000292261
-0.000300332
-0.000309771
-0.000320874
-0.000333738
-0.000348419
-0.000364994
-0.000383571
-0.000404293
-0.000427334
-0.000452904
-0.000481254
-0.000512684
-0.000547555
-0.0005863
-0.000629448
-0.000677641
-0.000731671
-0.000792519
-0.000861416
-0.000939916
-0.00103001
-0.00113426
-0.00125604
-0.00139985
-0.00157176
-0.00178021
-0.00203716
-0.00236014
-0.00277563
-0.00332463
-0.00407196
-0.0051181
-0.00661946
-0.00880314
-0.0120168
-0.0167646
-0.023882
-0.0344092
-0.0475554
-0.0439548
0.108417
2.90719e-006
-0.000213536
-0.000464791
-0.000665767
-0.000801822
-0.000885728
-0.000936608
-0.000970915
-0.000999787
-0.00102953
-0.00106321
-0.00110211
-0.00114679
-0.00119757
-0.00125478
-0.00131882
-0.0013902
-0.00146951
-0.00155749
-0.00165499
-0.00176304
-0.00188286
-0.00201595
-0.0021641
-0.00232947
-0.00251476
-0.00272327
-0.00295915
-0.00322762
-0.00353531
-0.0038908
-0.00430525
-0.00479346
-0.00537535
-0.00607824
-0.00694042
-0.00801684
-0.00938809
-0.0111743
-0.0135536
-0.0167857
-0.0212239
-0.0273164
-0.0355255
-0.046194
-0.0589722
-0.0711532
-0.0706012
-0.0114562
0.249176
4.78108e-006
-0.000499732
-0.000974621
-0.00134296
-0.00159561
-0.0017564
-0.00185795
-0.00192886
-0.0019891
-0.00205046
-0.00211893
-0.00219728
-0.00228678
-0.0023882
-0.00250226
-0.00262981
-0.00277184
-0.00292956
-0.00310439
-0.003298
-0.00351242
-0.00375004
-0.00401373
-0.00430698
-0.004634
-0.00499996
-0.00541123
-0.00587574
-0.00640343
-0.0070069
-0.00770231
-0.0085106
-0.00945925
-0.0105849
-0.0119373
-0.0135847
-0.0156234
-0.0181901
-0.0214808
-0.0257716
-0.0314315
-0.038906
-0.0486041
-0.0606434
-0.0742002
-0.0862576
-0.0882968
-0.0583983
0.0571668
0.367475
6.08916e-006
-0.00086454
-0.00160182
-0.00215616
-0.0025358
-0.00278084
-0.00293935
-0.00305278
-0.00315027
-0.00324933
-0.00335914
-0.00348408
-0.00362628
-0.00378708
-0.00396767
-0.0041694
-0.00439385
-0.00464289
-0.00491872
-0.00522395
-0.00556168
-0.00593558
-0.00635007
-0.00681045
-0.00732313
-0.00789595
-0.00853852
-0.00926274
-0.0100834
-0.0110193
-0.0120942
-0.0133386
-0.0147922
-0.0165074
-0.018554
-0.0210262
-0.0240536
-0.0278146
-0.0325545
-0.0385986
-0.0463436
-0.0561745
-0.068239
-0.0819083
-0.0947956
-0.100814
-0.0868331
-0.0261888
0.130328
0.456316
6.68336e-006
-0.00127342
-0.00229715
-0.00304789
-0.00355846
-0.00388961
-0.00410679
-0.00426485
-0.00440218
-0.00454192
-0.00469638
-0.00487156
-0.00507046
-0.00529499
-0.00554686
-0.00582794
-0.0061404
-0.0064868
-0.00687012
-0.00729389
-0.00776229
-0.00828026
-0.0088537
-0.00948967
-0.0101967
-0.0109851
-0.0118676
-0.0128596
-0.0139804
-0.0152541
-0.0167111
-0.0183898
-0.02034
-0.0226259
-0.0253318
-0.0285695
-0.0324879
-0.0372864
-0.0432264
-0.0506323
-0.0598496
-0.0711
-0.0841155
-0.0974188
-0.107007
-0.104377
-0.0734939
0.0127543
0.195248
0.520862
6.70165e-006
-0.00170115
-0.00302323
-0.00397517
-0.00461741
-0.00503405
-0.00530934
-0.00551199
-0.00568963
-0.0058709
-0.00607107
-0.00629767
-0.00655453
-0.00684412
-0.00716863
-0.00753044
-0.00793229
-0.00837736
-0.00886939
-0.00941277
-0.0100126
-0.0106751
-0.0114074
-0.0122181
-0.0131176
-0.0141184
-0.0152356
-0.0164878
-0.0178976
-0.0194934
-0.0213103
-0.0233926
-0.0257962
-0.0285928
-0.0318743
-0.03576
-0.0404044
-0.0460071
-0.0528174
-0.0611194
-0.0711592
-0.082936
-0.0957383
-0.107257
-0.112193
-0.100311
-0.0544209
0.0511234
0.248738
0.567303
6.32542e-006
-0.00213177
-0.00375515
-0.00490894
-0.00568178
-0.00618225
-0.00651414
-0.00676031
-0.00697756
-0.00719988
-0.00744538
-0.00772301
-0.00803736
-0.00839139
-0.00878774
-0.00922924
-0.00971914
-0.0102612
-0.0108598
-0.0115201
-0.0122481
-0.0130507
-0.0139365
-0.0149152
-0.0159986
-0.0172009
-0.0185392
-0.020034
-0.0217106
-0.0235998
-0.0257397
-0.0281775
-0.0309723
-0.0341979
-0.0379474
-0.0423387
-0.04752
-0.0536755
-0.0610226
-0.0697825
-0.0800789
-0.0916803
-0.103454
-0.112407
-0.11225
-0.0917757
-0.0335609
0.0856499
0.291413
0.600946
5.74977e-006
-0.00255611
-0.00447769
-0.00583092
-0.00673202
-0.00731416
-0.00770082
-0.007989
-0.00824459
-0.00850678
-0.0087964
-0.00912372
-0.00949401
-0.00991067
-0.0103767
-0.0108954
-0.0114704
-0.0121059
-0.012807
-0.0135792
-0.0144293
-0.0153651
-0.0163958
-0.0175322
-0.0187871
-0.0201757
-0.0217163
-0.0234307
-0.0253455
-0.0274927
-0.0299112
-0.0326489
-0.0357644
-0.0393297
-0.0434337
-0.0481858
-0.0537195
-0.060194
-0.0677841
-0.076639
-0.0867587
-0.0976974
-0.107969
-0.114039
-0.108967
-0.0810285
-0.0132153
0.11542
0.325045
0.625556
5.09127e-006
-0.00296916
-0.00518193
-0.00672994
-0.00775596
-0.00841724
-0.00885667
-0.00918519
-0.00947757
-0.00977808
-0.0101101
-0.0104852
-0.0109093
-0.0113861
-0.0119189
-0.0125114
-0.0131675
-0.0138919
-0.01469
-0.0155679
-0.0165328
-0.0175931
-0.0187584
-0.0200402
-0.0214518
-0.0230091
-0.0247309
-0.0266393
-0.0287611
-0.0311281
-0.0337786
-0.0367586
-0.0401238
-0.0439412
-0.0482914
-0.053271
-0.0589938
-0.0655889
-0.0731856
-0.0818624
-0.0915059
-0.101489
-0.110041
-0.113238
-0.103715
-0.0695898
0.00554808
0.140506
0.351552
0.643924
4.41697e-006
-0.00336797
-0.0058624
-0.00759888
-0.00874562
-0.00948315
-0.00997321
-0.0103403
-0.0106678
-0.0110048
-0.0113774
-0.011798
-0.0122732
-0.0128072
-0.0134034
-0.0140657
-0.0147985
-0.0156066
-0.0164956
-0.0174722
-0.0185437
-0.0197188
-0.0210075
-0.0224215
-0.0239743
-0.0256818
-0.0275626
-0.0296387
-0.0319358
-0.0344846
-0.0373212
-0.0404884
-0.0440367
-0.0480259
-0.0525259
-0.057618
-0.0633945
-0.0699536
-0.077381
-0.0856913
-0.0946754
-0.103559
-0.110357
-0.11087
-0.0974884
-0.0583452
0.0222816
0.161468
0.372567
0.657891
3.74952e-006
-0.00375053
-0.00651528
-0.00843267
-0.00969519
-0.0105057
-0.0110441
-0.0114479
-0.0118087
-0.0121804
-0.0125912
-0.013055
-0.0135786
-0.0141664
-0.0148223
-0.0155503
-0.0163547
-0.0172409
-0.0182144
-0.0192822
-0.0204516
-0.0217316
-0.0231322
-0.0246648
-0.0263429
-0.0281821
-0.0302001
-0.0324181
-0.0348601
-0.0375547
-0.0405347
-0.0438384
-0.0475102
-0.0516013
-0.0561696
-0.0612807
-0.0670052
-0.0734126
-0.0805497
-0.0883773
-0.0966088
-0.104357
-0.109478
-0.107587
-0.0909428
-0.0477948
0.0369443
0.178923
0.389405
0.668768
3.096e-006
-0.00411517
-0.0071375
-0.00922721
-0.0105999
-0.0114799
-0.0120641
-0.0125026
-0.0128949
-0.0132992
-0.0137461
-0.0142503
-0.0148193
-0.0154577
-0.0161693
-0.0169584
-0.0178295
-0.0187878
-0.0198392
-0.0209905
-0.0222493
-0.0236241
-0.0251248
-0.0267628
-0.0285508
-0.0305036
-0.032638
-0.0349735
-0.0375321
-0.0403395
-0.0434246
-0.0468206
-0.0505649
-0.0546995
-0.0592707
-0.0643283
-0.0699233
-0.0760997
-0.0828717
-0.0901567
-0.0976083
-0.104254
-0.107838
-0.103851
-0.0844929
-0.0381646
0.0496524
0.193489
0.403041
0.677401
2.4571e-006
-0.00446035
-0.00772631
-0.00997888
-0.0114557
-0.0124011
-0.0130285
-0.0134996
-0.0139214
-0.0143563
-0.0148368
-0.0153789
-0.0159901
-0.0166754
-0.0174388
-0.0182844
-0.0192169
-0.0202415
-0.0213642
-0.0225914
-0.0239307
-0.0253905
-0.0269803
-0.0287107
-0.0305939
-0.0326434
-0.0348749
-0.0373056
-0.0399554
-0.0428465
-0.0460036
-0.0494543
-0.0532292
-0.057361
-0.0618849
-0.0668365
-0.0722492
-0.0781459
-0.0845144
-0.0912386
-0.0979273
-0.103546
-0.105759
-0.0999759
-0.0783796
-0.0295303
0.06061
0.20568
0.414213
0.684383
1.83373e-006
-0.00478461
-0.00827915
-0.0106844
-0.0122587
-0.0132653
-0.0139331
-0.0144346
-0.0148838
-0.0153471
-0.0158589
-0.016436
-0.0170863
-0.017815
-0.0186259
-0.0195235
-0.0205122
-0.0215972
-0.0227844
-0.0240801
-0.0254917
-0.027027
-0.028695
-0.0305058
-0.0324704
-0.0346013
-0.0369122
-0.0394186
-0.0421374
-0.0450873
-0.0482888
-0.0517639
-0.0555363
-0.0596304
-0.0640709
-0.0688811
-0.0740797
-0.0796723
-0.0856264
-0.0918007
-0.0977712
-0.102459
-0.103471
-0.0961666
-0.0727319
-0.0218775
0.0700315
0.215929
0.423453
0.69011
1.228e-006
-0.00508653
-0.00879362
-0.0113406
-0.0130054
-0.0140688
-0.0147739
-0.0153035
-0.0157781
-0.0162675
-0.0168082
-0.0174174
-0.0181037
-0.018872
-0.0197264
-0.0206713
-0.021711
-0.0228507
-0.024096
-0.025453
-0.0269287
-0.0285305
-0.0302669
-0.0321469
-0.0341805
-0.0363789
-0.0387541
-0.0413191
-0.0440881
-0.0470764
-0.0503002
-0.0537761
-0.0575215
-0.0615531
-0.0658866
-0.0705347
-0.0755042
-0.080787
-0.0863353
-0.0919897
-0.0973026
-0.101163
-0.101137
-0.0925517
-0.0676075
-0.0151497
0.0781228
0.22458
0.431162
0.694863
6.43167e-007
-0.0053648
-0.00926748
-0.0119448
-0.0136925
-0.0148079
-0.0155473
-0.0161027
-0.0166004
-0.0171138
-0.0176807
-0.0183193
-0.0190382
-0.0198426
-0.0207365
-0.0217241
-0.0228097
-0.0239985
-0.0252957
-0.0267072
-0.0282394
-0.0298995
-0.031695
-0.0336341
-0.0357259
-0.0379797
-0.0404059
-0.0430154
-0.0458194
-0.04883
-0.0520591
-0.0555188
-0.0592203
-0.0631738
-0.0673871
-0.0718644
-0.0766026
-0.0815837
-0.0867484
-0.0919245
-0.0966475
-0.099783
-0.0988684
-0.0892083
-0.0630219
-0.009272
0.0850658
0.231905
0.437633
0.698839
8.32418e-008
-0.00561819
-0.00969865
-0.0124942
-0.0143171
-0.0154797
-0.0162501
-0.0168288
-0.0173475
-0.0178825
-0.0184732
-0.0191383
-0.0198867
-0.0207235
-0.0216528
-0.0226786
-0.0238054
-0.0250378
-0.0263809
-0.0278404
-0.0294223
-0.031133
-0.0329793
-0.0349687
-0.0371089
-0.039408
-0.0418744
-0.0445169
-0.0473441
-0.0503649
-0.0535875
-0.0570194
-0.060667
-0.0645344
-0.0686232
-0.0729302
-0.0774452
-0.0821423
-0.0869543
-0.0916999
-0.0959026
-0.0984108
-0.0967401
-0.0861793
-0.0589671
-0.00416674
0.0910161
0.238122
0.443091
0.702186
-4.47355e-007
-0.00584558
-0.0100853
-0.0129865
-0.0148766
-0.0160812
-0.0168792
-0.0174788
-0.0180163
-0.0185707
-0.0191826
-0.0198713
-0.020646
-0.0215116
-0.0224724
-0.0235322
-0.0246953
-0.0259662
-0.0273497
-0.0288512
-0.0304762
-0.0322306
-0.0341206
-0.0361525
-0.038333
-0.0406688
-0.0431668
-0.0458334
-0.0486752
-0.0516979
-0.0549063
-0.0583043
-0.0618935
-0.0656735
-0.0696403
-0.0737852
-0.0780922
-0.0825298
-0.0870253
-0.091391
-0.0951416
-0.0971123
-0.0948016
-0.0834864
-0.055423
0.000239748
0.096104
0.243402
0.447708
0.705015
-9.44034e-007
-0.00604595
-0.0104256
-0.0134195
-0.0153685
-0.0166099
-0.0174321
-0.01805
-0.018604
-0.0191755
-0.0198061
-0.0205157
-0.0213134
-0.0222045
-0.0231929
-0.0242825
-0.0254773
-0.0267818
-0.0282005
-0.0297385
-0.0314007
-0.0331926
-0.0351197
-0.0371875
-0.0394016
-0.0417674
-0.0442902
-0.0469748
-0.0498253
-0.0528449
-0.0560356
-0.0593977
-0.0629293
-0.0666257
-0.0704786
-0.074475
-0.0785946
-0.0828017
-0.0870197
-0.0910564
-0.0944201
-0.095935
-0.0930853
-0.0811381
-0.0523647
0.00401351
0.100437
0.247882
0.451616
0.707408
-1.40209e-006
-0.00621838
-0.0107181
-0.0137914
-0.0157906
-0.0170635
-0.0179065
-0.01854
-0.0191084
-0.0196946
-0.0203414
-0.0210691
-0.0218868
-0.0227998
-0.0238121
-0.0249274
-0.0261496
-0.027483
-0.0289321
-0.0305013
-0.0321954
-0.0340194
-0.035978
-0.0380761
-0.0403183
-0.0427089
-0.0452518
-0.0479501
-0.0508061
-0.0538206
-0.0569933
-0.0603214
-0.0638
-0.0674211
-0.0711728
-0.0750386
-0.078995
-0.0830034
-0.0869843
-0.0907422
-0.0937801
-0.0949129
-0.0916121
-0.0791355
-0.0497666
0.00721179
0.104104
0.251668
0.454918
0.709432
-1.81688e-006
-0.00636209
-0.0109615
-0.0141005
-0.0161413
-0.0174401
-0.0183003
-0.018947
-0.0195273
-0.020126
-0.0207865
-0.0215294
-0.022364
-0.0232957
-0.0243281
-0.0254652
-0.0267107
-0.0280686
-0.0295433
-0.031139
-0.0328602
-0.0347113
-0.0366967
-0.0388205
-0.0410865
-0.0434981
-0.0460579
-0.0487677
-0.0516281
-0.0546382
-0.0577953
-0.0610945
-0.0645282
-0.0680856
-0.0717521
-0.0755085
-0.0793287
-0.0831719
-0.0869565
-0.0904845
-0.0932537
-0.0940709
-0.0903954
-0.0774758
-0.0476049
0.00988287
0.107175
0.254847
0.457695
0.711138
-2.18381e-006
-0.00647639
-0.0111547
-0.0143454
-0.0164188
-0.0177381
-0.0186118
-0.019269
-0.019859
-0.0204679
-0.0211396
-0.021895
-0.0227435
-0.0236904
-0.0247395
-0.0258945
-0.0271592
-0.0285374
-0.0300334
-0.0316512
-0.033395
-0.0352689
-0.0372769
-0.0394225
-0.041709
-0.0441389
-0.0467138
-0.0494345
-0.0523003
-0.0553086
-0.0584552
-0.0617331
-0.0651326
-0.0686408
-0.0722409
-0.0759114
-0.0796244
-0.083337
-0.0869662
-0.0903113
-0.0928657
-0.0934276
-0.0894447
-0.0761555
-0.0458592
0.0120664
0.10971
0.257488
0.460013
0.712565
-2.49849e-006
-0.00656071
-0.0112967
-0.014525
-0.0166219
-0.017956
-0.0188397
-0.0195048
-0.0201022
-0.0207189
-0.0213994
-0.0221645
-0.0230238
-0.0239827
-0.0250449
-0.0262141
-0.027494
-0.0288885
-0.0304015
-0.0320372
-0.0337996
-0.0356924
-0.0377193
-0.0398836
-0.042188
-0.0446344
-0.0472239
-0.0499562
-0.0528297
-0.0558407
-0.0589835
-0.0622498
-0.0656282
-0.0691039
-0.0726585
-0.0762687
-0.0799047
-0.0835225
-0.087037
-0.0902452
-0.0926355
-0.0929977
-0.0887669
-0.0751713
-0.044513
0.0137939
0.111752
0.259644
0.46192
0.713745
-2.75668e-006
-0.0066146
-0.0113867
-0.0146383
-0.0167497
-0.0180929
-0.0189829
-0.0196532
-0.0202557
-0.0208779
-0.0215646
-0.0223367
-0.0232039
-0.0241714
-0.0252432
-0.0264228
-0.0277141
-0.0291208
-0.030647
-0.0322966
-0.0340736
-0.0359816
-0.0380243
-0.0402045
-0.0425248
-0.0449868
-0.047591
-0.0503367
-0.0532215
-0.0562409
-0.0593883
-0.0626543
-0.0660262
-0.0694881
-0.0730197
-0.0765967
-0.0801876
-0.0837468
-0.0871876
-0.0903039
-0.0925789
-0.0927932
-0.0883688
-0.0745216
-0.0435543
0.0150891
0.113338
0.261356
0.463457
0.714703
-2.9545e-006
-0.00663774
-0.0114244
-0.0146847
-0.0168014
-0.018148
-0.0190407
-0.0197135
-0.0203188
-0.0209442
-0.0216345
-0.0224108
-0.0232827
-0.0242556
-0.0253334
-0.0265198
-0.0278186
-0.0292336
-0.0307689
-0.0324285
-0.0342163
-0.0361362
-0.0381915
-0.0403853
-0.0427199
-0.0451969
-0.0478166
-0.050578
-0.0534784
-0.056513
-0.0596744
-0.0629527
-0.0663342
-0.0698021
-0.0733351
-0.0769072
-0.080486
-0.084024
-0.0874324
-0.0905018
-0.0927094
-0.0928252
-0.0882573
-0.0742076
-0.0429762
0.0159687
0.114492
0.262655
0.464651
0.715456
-3.08832e-006
-0.00662992
-0.0114093
-0.0146639
-0.0167766
-0.0181209
-0.0190125
-0.0196852
-0.0202909
-0.0209171
-0.0216085
-0.0223861
-0.0232598
-0.0242348
-0.025315
-0.0265044
-0.0278068
-0.0292261
-0.0307665
-0.0324321
-0.034227
-0.0361552
-0.0382201
-0.0404251
-0.0427725
-0.0452641
-0.0479003
-0.0506802
-0.0536011
-0.056658
-0.0598437
-0.0631476
-0.0665559
-0.0700508
-0.0736104
-0.0772077
-0.0808086
-0.0843641
-0.0877827
-0.0908508
-0.0930386
-0.0931047
-0.088441
-0.0742336
-0.0427769
0.0164418
0.115232
0.263564
0.465526
0.71602
-3.15501e-006
-0.00659105
-0.0113414
-0.0145758
-0.0166753
-0.0180116
-0.0188984
-0.0195682
-0.0201719
-0.0207965
-0.0214864
-0.0222625
-0.0231347
-0.0241083
-0.0251875
-0.026376
-0.0276779
-0.0290974
-0.0306387
-0.0323063
-0.0341044
-0.0360372
-0.0381087
-0.0403223
-0.0426809
-0.0451866
-0.0478402
-0.0506413
-0.0535875
-0.0566743
-0.0598945
-0.063238
-0.0666907
-0.0702347
-0.0738474
-0.077501
-0.08116
-0.0847732
-0.0882462
-0.0913604
-0.0935776
-0.093643
-0.0889307
-0.0746081
-0.0429604
0.0165108
0.115567
0.264096
0.466095
0.716402
-3.15183e-006
-0.00652119
-0.0112208
-0.0144205
-0.0164977
-0.0178202
-0.0186985
-0.0193627
-0.019962
-0.0205825
-0.0212682
-0.0220399
-0.0229074
-0.0238762
-0.0249504
-0.026134
-0.0274314
-0.0288467
-0.0303847
-0.0320499
-0.033847
-0.0357805
-0.037855
-0.0400744
-0.0424422
-0.044961
-0.0476326
-0.0504572
-0.0534332
-0.056557
-0.0598221
-0.0632189
-0.066734
-0.0703496
-0.0740429
-0.0777853
-0.0815399
-0.0852534
-0.0888276
-0.092038
-0.0943363
-0.0944526
-0.08974
-0.0753438
-0.0435366
0.0161704
0.115496
0.264256
0.466365
0.716609
-3.07665e-006
-0.00642051
-0.0110477
-0.0141984
-0.0162442
-0.0175472
-0.0184134
-0.0190691
-0.0196616
-0.0202755
-0.0209543
-0.0217186
-0.0225781
-0.0235384
-0.0246037
-0.0257784
-0.0270667
-0.0284734
-0.0300034
-0.0316615
-0.033453
-0.0353829
-0.0374563
-0.039678
-0.0420522
-0.0445826
-0.0472719
-0.0501215
-0.0531311
-0.0562983
-0.0596179
-0.0630815
-0.0666768
-0.0703867
-0.0741885
-0.0780535
-0.0819434
-0.0858025
-0.0895283
-0.092889
-0.0953246
-0.0955472
-0.0908855
-0.076459
-0.0445225
0.0154075
0.115012
0.264042
0.466338
0.716641
-2.92785e-006
-0.00628932
-0.0108228
-0.0139103
-0.0159156
-0.0171936
-0.0180439
-0.0186885
-0.0192716
-0.0198763
-0.0205454
-0.0212992
-0.0221472
-0.0230952
-0.0241477
-0.0253089
-0.0265837
-0.0279769
-0.0294937
-0.0311397
-0.0329204
-0.0348417
-0.0369093
-0.039129
-0.041506
-0.0440453
-0.0467509
-0.0496257
-0.0526713
-0.055887
-0.0592695
-0.0628124
-0.0665049
-0.0703314
-0.0742704
-0.0782929
-0.0823599
-0.0864131
-0.0903452
-0.0939159
-0.0965514
-0.0969421
-0.0923881
-0.0779775
-0.0459425
0.0142002
0.114099
0.263443
0.466007
0.716496
-2.70458e-006
-0.00612805
-0.0105467
-0.0135571
-0.0155132
-0.0167605
-0.0175913
-0.0182219
-0.0187931
-0.0193861
-0.0200426
-0.0207826
-0.0216156
-0.0225474
-0.0235827
-0.0247259
-0.0259822
-0.0273566
-0.0288549
-0.030483
-0.0322472
-0.034154
-0.0362102
-0.0384225
-0.0407975
-0.0433415
-0.0460604
-0.0489591
-0.0520413
-0.0553087
-0.0587608
-0.0623935
-0.0661989
-0.0701636
-0.0742679
-0.0784838
-0.0827719
-0.0870716
-0.0912703
-0.0951179
-0.098024
-0.0986537
-0.0942725
-0.0799304
-0.0478302
0.0125163
0.112729
0.262439
0.465358
0.716165
-2.40656e-006
-0.00593731
-0.0102207
-0.0131402
-0.0150383
-0.0162496
-0.0170572
-0.017671
-0.0182278
-0.0188063
-0.0194473
-0.0201702
-0.0209845
-0.021896
-0.0229096
-0.0240299
-0.0252623
-0.0266124
-0.0280861
-0.0296901
-0.0314313
-0.033317
-0.035355
-0.0375532
-0.0399198
-0.0424628
-0.0451901
-0.048109
-0.051226
-0.0545458
-0.0580712
-0.0618019
-0.0657334
-0.069856
-0.074153
-0.0785984
-0.0831537
-0.0877563
-0.0922883
-0.0964887
-0.0997475
-0.100699
-0.0965678
-0.0823563
-0.0502297
0.0103116
0.110861
0.260995
0.464369
0.715635
-2.03434e-006
-0.0057178
-0.00984573
-0.0126612
-0.0144928
-0.0156626
-0.0164434
-0.0170377
-0.0175775
-0.0181389
-0.0187613
-0.0194636
-0.0202554
-0.0211424
-0.0221295
-0.0232219
-0.0244248
-0.0257444
-0.0271871
-0.0287599
-0.0304707
-0.0323276
-0.0343395
-0.0365155
-0.0388655
-0.0413996
-0.044128
-0.0470608
-0.0502076
-0.0535771
-0.0571762
-0.0610093
-0.0650768
-0.069374
-0.0738887
-0.0785992
-0.0834688
-0.0884347
-0.0933742
-0.098014
-0.101722
-0.103095
-0.0993073
-0.0853028
-0.0531975
0.00752718
0.108442
0.259068
0.463003
0.714887
-1.58913e-006
-0.00547039
-0.00942344
-0.0121219
-0.0138789
-0.0150019
-0.0157525
-0.0163244
-0.0168446
-0.017386
-0.0179867
-0.0186651
-0.0194304
-0.0202884
-0.0212442
-0.0223031
-0.0234706
-0.0247532
-0.0261577
-0.0276919
-0.029364
-0.0311833
-0.0331596
-0.0353037
-0.0376272
-0.0401421
-0.0428615
-0.0457985
-0.0489666
-0.0523788
-0.0560473
-0.0599822
-0.0641904
-0.0686741
-0.073428
-0.0784364
-0.0836677
-0.0890609
-0.0944894
-0.0996683
-0.103939
-0.105856
-0.102528
-0.0888271
-0.0568053
0.00408574
0.105397
0.256592
0.461212
0.71389
-1.0729e-006
-0.00519609
-0.00895551
-0.0115245
-0.0131988
-0.0142702
-0.0149869
-0.0155339
-0.0160318
-0.0165505
-0.0171264
-0.0177772
-0.018512
-0.0193365
-0.0202559
-0.0212755
-0.0224014
-0.02364
-0.0249987
-0.0264857
-0.0281101
-0.0298818
-0.0318119
-0.0339126
-0.0361972
-0.0386802
-0.0413772
-0.044305
-0.0474813
-0.0509242
-0.0546518
-0.0586816
-0.0630286
-0.0677038
-0.0727118
-0.0780464
-0.0836843
-0.0895701
-0.0955768
-0.101408
-0.106377
-0.108986
-0.106267
-0.0929963
-0.0611425
-0.000113344
0.101626
0.253479
0.458927
0.712602
-4.88058e-007
-0.00489605
-0.00844388
-0.0108715
-0.0124556
-0.0134704
-0.01415
-0.0146692
-0.0151422
-0.0156355
-0.0161834
-0.0168031
-0.0175031
-0.0182894
-0.0191672
-0.0201418
-0.0212193
-0.0224066
-0.0237114
-0.0251422
-0.0267087
-0.0284218
-0.0302936
-0.0323375
-0.0345688
-0.0370041
-0.0396621
-0.0425631
-0.0457293
-0.0491846
-0.0529542
-0.0570638
-0.0615383
-0.0664006
-0.071668
-0.0773483
-0.0834318
-0.089874
-0.0965529
-0.103164
-0.108993
-0.112478
-0.110557
-0.0978866
-0.0663198
-0.00520057
0.0969958
0.249605
0.456047
0.710962
1.62632e-007
-0.00457153
-0.00789073
-0.0101657
-0.0116523
-0.0126058
-0.0132451
-0.0137339
-0.0141796
-0.0146445
-0.0151614
-0.0157462
-0.0164075
-0.0171509
-0.0179815
-0.018905
-0.0199274
-0.0210557
-0.0222979
-0.0236629
-0.0251608
-0.0268031
-0.028603
-0.0305751
-0.0327363
-0.0351054
-0.0377039
-0.0405558
-0.0436882
-0.0471308
-0.0509166
-0.0550808
-0.0596603
-0.0646921
-0.0702105
-0.0762423
-0.0827983
-0.0898532
-0.0972987
-0.10483
-0.111705
-0.116295
-0.115419
-0.103578
-0.0724708
-0.0113453
0.0913242
0.2448
0.45243
0.708879
8.76667e-007
-0.00422394
-0.00729847
-0.00941018
-0.0107925
-0.0116804
-0.0122763
-0.0127321
-0.0131479
-0.0135818
-0.0140644
-0.0146108
-0.0152291
-0.0159248
-0.0167031
-0.0175692
-0.0185295
-0.019591
-0.0207616
-0.0220505
-0.0234683
-0.0250269
-0.0267401
-0.0286236
-0.0306957
-0.0329772
-0.0354922
-0.0382681
-0.0413367
-0.0447339
-0.0485006
-0.0526825
-0.05733
-0.0624969
-0.0682386
-0.0746072
-0.0816423
-0.0893495
-0.0976473
-0.106244
-0.114378
-0.120351
-0.120839
-0.110143
-0.0797514
-0.018766
0.0843615
0.238815
0.447863
0.706214
1.65174e-006
-0.00385479
-0.00666971
-0.00860827
-0.00988
-0.0106981
-0.0112477
-0.0116682
-0.0120517
-0.0124519
-0.0128971
-0.0134016
-0.0139729
-0.0146162
-0.0153366
-0.0161394
-0.0170305
-0.0180171
-0.019107
-0.0203094
-0.0216351
-0.0230961
-0.0247068
-0.0264836
-0.0284458
-0.0306157
-0.0330195
-0.0356879
-0.0386566
-0.0419676
-0.0456695
-0.0498189
-0.0544805
-0.0597272
-0.0656393
-0.0723006
-0.07979
-0.0881579
-0.0973692
-0.107167
-0.116789
-0.124472
-0.126731
-0.117617
-0.0883275
-0.0277417
0.0757584
0.231285
0.442024
0.702755
2.48461e-006
-0.00346572
-0.00600732
-0.00776374
-0.00891912
-0.00966375
-0.0101643
-0.0105471
-0.0108959
-0.0112599
-0.0116648
-0.0121239
-0.0126442
-0.0132306
-0.0138879
-0.0146212
-0.0154364
-0.01634
-0.01734
-0.0184454
-0.0196667
-0.021016
-0.0225078
-0.0241587
-0.0259886
-0.0280207
-0.0302829
-0.0328079
-0.035635
-0.0388111
-0.0423919
-0.0464442
-0.051047
-0.0562934
-0.0622914
-0.0691625
-0.0770349
-0.0860215
-0.096158
-0.107255
-0.118585
-0.128342
-0.13288
-0.125942
-0.0983417
-0.0386136
0.0650246
0.221656
0.4344
0.698154
3.36444e-006
-0.00305852
-0.00531459
-0.00688091
-0.00791482
-0.00858256
-0.00903156
-0.00937449
-0.00968645
-0.0100116
-0.0103735
-0.010784
-0.0112495
-0.0117747
-0.012364
-0.013022
-0.0137544
-0.0145675
-0.0154686
-0.0164665
-0.0175712
-0.0187947
-0.0201508
-0.0216562
-0.0233306
-0.0251975
-0.0272853
-0.029628
-0.032267
-0.0352525
-0.0386461
-0.0425227
-0.0469743
-0.0521133
-0.0580759
-0.0650248
-0.0731466
-0.0826335
-0.0936221
-0.106034
-0.119231
-0.131423
-0.138824
-0.134854
-0.109822
-0.0517592
0.0514748
0.209076
0.42416
0.69184
4.26082e-006
-0.00263539
-0.00459557
-0.00596515
-0.00687324
-0.00746105
-0.00785616
-0.00815714
-0.00843015
-0.00871435
-0.00903062
-0.00938952
-0.00979689
-0.0102569
-0.0107735
-0.011351
-0.0119944
-0.0127097
-0.0135035
-0.014384
-0.0153606
-0.0164445
-0.0176487
-0.0189893
-0.0204851
-0.022159
-0.0240389
-0.0261587
-0.0285601
-0.0312948
-0.0344272
-0.0380378
-0.0422279
-0.0471256
-0.0528926
-0.0597316
-0.0678916
-0.0776573
-0.0892946
-0.102886
-0.117968
-0.13285
-0.14372
-0.143682
-0.122513
-0.0674842
0.0342172
0.192228
0.409943
0.682839
5.09745e-006
-0.00219951
-0.00385613
-0.00502402
-0.0058028
-0.00630804
-0.0066471
-0.00690421
-0.00713641
-0.00737764
-0.00764607
-0.00795091
-0.00829723
-0.00868864
-0.00912861
-0.00962095
-0.0101701
-0.0107812
-0.0114603
-0.0122147
-0.0130527
-0.0139845
-0.015022
-0.0161798
-0.0174754
-0.0189299
-0.0205695
-0.0224265
-0.0245409
-0.0269632
-0.0297572
-0.0330046
-0.0368106
-0.0413122
-0.0466886
-0.0531752
-0.0610776
-0.0707751
-0.0826804
-0.0970892
-0.113791
-0.131372
-0.14613
-0.151107
-0.13551
-0.0857447
0.0122191
0.169213
0.389504
0.669505
5.7386e-006
-0.00175628
-0.00310573
-0.0040693
-0.00471635
-0.00513678
-0.00541784
-0.00562939
-0.00581926
-0.00601605
-0.00623507
-0.00648406
-0.00676724
-0.00708763
-0.0074481
-0.00785185
-0.00830259
-0.0088047
-0.00936333
-0.00998459
-0.0106757
-0.0114454
-0.012304
-0.0132641
-0.014341
-0.0155533
-0.0169244
-0.0184829
-0.0202654
-0.0223178
-0.0246998
-0.0274885
-0.0307859
-0.034728
-0.0394988
-0.04535
-0.0526252
-0.0617803
-0.0733702
-0.0879187
-0.105574
-0.125329
-0.143989
-0.154771
-0.146825
-0.105557
-0.0152117
0.137458
0.359362
0.648975
5.97497e-006
-0.00131536
-0.00236032
-0.00312015
-0.00363436
-0.0039683
-0.0041898
-0.00435465
-0.00450138
-0.00465312
-0.00482216
-0.00501467
-0.00523397
-0.00548237
-0.00576213
-0.00607575
-0.00642616
-0.00681684
-0.0072519
-0.00773621
-0.00827562
-0.00887708
-0.00954902
-0.0103016
-0.0111474
-0.0121017
-0.0131836
-0.0144172
-0.015833
-0.0174701
-0.0193795
-0.0216284
-0.0243073
-0.0275396
-0.0314971
-0.0364236
-0.0426672
-0.0507188
-0.0612249
-0.0749217
-0.0923052
-0.113024
-0.134601
-0.151303
-0.1527
-0.124028
-0.0474419
0.0944916
0.314303
0.61647
5.59692e-006
-0.000893415
-0.00164588
-0.00220681
-0.00258898
-0.00283584
-0.00299728
-0.00311542
-0.00321954
-0.0033271
-0.00344727
-0.00358455
-0.00374128
-0.00391907
-0.00411952
-0.00434442
-0.00459589
-0.00487647
-0.00518914
-0.0055375
-0.0059258
-0.0063592
-0.0068439
-0.00738747
-0.00799917
-0.00869048
-0.00947573
-0.010373
-0.0114055
-0.012603
-0.0140048
-0.0156635
-0.0176504
-0.0200651
-0.0230495
-0.0268114
-0.0316606
-0.0380553
-0.0466507
-0.058264
-0.0737233
-0.0932359
-0.1156
-0.136519
-0.147642
-0.135146
-0.0802201
0.0397521
0.24814
0.563775
4.47087e-006
-0.000516577
-0.0010011
-0.00137372
-0.0016279
-0.00178967
-0.0018929
-0.00196667
-0.00203101
-0.00209765
-0.0021726
-0.00225867
-0.00235725
-0.0024693
-0.00259579
-0.00273781
-0.00289673
-0.00307414
-0.00327196
-0.00349247
-0.00373843
-0.00401312
-0.00432055
-0.00466559
-0.00505422
-0.00549388
-0.00599387
-0.00656596
-0.00722528
-0.00799144
-0.00889041
-0.00995708
-0.0112395
-0.0128054
-0.0147536
-0.0172324
-0.0204706
-0.0248257
-0.0308321
-0.0392493
-0.050934
-0.066643
-0.0861538
-0.107554
-0.125379
-0.129546
-0.103077
-0.0200772
0.156894
0.478155
2.73954e-006
-0.000220423
-0.000476695
-0.000680012
-0.000816793
-0.000901055
-0.000952652
-0.000988304
-0.00101918
-0.00105155
-0.00108845
-0.0011312
-0.00118041
-0.00123649
-0.00129987
-0.00137111
-0.00145086
-0.00153993
-0.00163929
-0.00175009
-0.00187371
-0.00201183
-0.00216644
-0.00234004
-0.00253564
-0.00275701
-0.00300887
-0.0032972
-0.00362966
-0.00401627
-0.00447024
-0.00500945
-0.00565859
-0.00645282
-0.00744395
-0.00871158
-0.0103828
-0.0126622
-0.0158819
-0.0205271
-0.0272849
-0.0368467
-0.049822
-0.0659227
-0.0835469
-0.0979007
-0.0986958
-0.0642746
0.0509541
0.343404
9.48983e-007
-4.28927e-005
-0.00012816
-0.000196318
-0.000239851
-0.000264828
-0.000278978
-0.00028827
-0.000296385
-0.000305228
-0.000315618
-0.000327854
-0.000342048
-0.000358277
-0.000376652
-0.000397317
-0.000420464
-0.000446316
-0.000475161
-0.000507317
-0.000543197
-0.000583267
-0.000628122
-0.000678461
-0.000735164
-0.000799304
-0.000872245
-0.000955689
-0.00105185
-0.00116356
-0.0012946
-0.00145005
-0.00163692
-0.00186516
-0.00214957
-0.0025132
-0.00299366
-0.00365563
-0.0046052
-0.00602406
-0.00815989
-0.0113948
-0.0160968
-0.0227754
-0.0317002
-0.0428863
-0.0545008
-0.0584412
-0.0247983
0.158169
0
0
0
0
0
0
0
0
0
0
0
0
0
0
0
0
0
0
0
0
0
0
0
0
0
0
0
0
0
0
0
0
0
0
0
0
0
0
0
0
0
0
0
0
0
0
0
0
0
0
3.39436e-005
0.000204844
0.00049323
0.000865064
0.00128945
0.00174512
0.0022203
0.00271018
0.00321412
0.00373362
0.0042711
0.00482936
0.00541135
0.00602021
0.00665922
0.0073319
0.00804207
0.00879384
0.00959174
0.0104407
0.0113464
0.012315
0.0133535
0.0144699
0.0156734
0.0169748
0.0183865
0.0199235
0.0216033
0.0234476
0.0254826
0.027741
0.0302639
0.0331039
0.0363293
0.0400311
0.0443326
0.0494053
0.0554927
0.0629444
0.0722636
0.0841532
0.0995646
0.119663
0.145743
0.178619
0.216879
0.249203
0.228319
0
0.000116012
0.000451633
0.000962173
0.00159882
0.00231864
0.00309109
0.00389842
0.0047328
0.00559279
0.0064804
0.00739936
0.00835415
0.00934966
0.0103911
0.011484
0.0126344
0.0138485
0.0151334
0.0164967
0.0179468
0.019493
0.0211457
0.0229167
0.0248194
0.0268691
0.0290836
0.0314836
0.0340935
0.0369426
0.0400658
0.0435059
0.0473155
0.0515604
0.0563236
0.0617122
0.0678658
0.0749699
0.0832747
0.0931204
0.104969
0.119428
0.137249
0.159223
0.185869
0.216652
0.248238
0.270533
0.259075
0.169405
0
0.000181858
0.000645653
0.00131668
0.00213382
0.00304841
0.00402665
0.00504883
0.00610613
0.00719688
0.00832345
0.00949028
0.0107028
0.0119671
0.0132896
0.0146771
0.0161372
0.0176778
0.0193075
0.0210358
0.0228732
0.0248311
0.0269224
0.0291616
0.031565
0.0341514
0.0369423
0.0399626
0.0432416
0.0468141
0.0507212
0.0550129
0.0597498
0.0650068
0.0708769
0.0774775
0.0849576
0.0935089
0.103379
0.114884
0.128418
0.144436
0.163363
0.185352
0.20974
0.233948
0.251575
0.249621
0.207156
0.10783
0
0.000221791
0.00076842
0.00154217
0.00247118
0.00350281
0.00460215
0.00574937
0.00693582
0.00816008
0.00942486
0.010735
0.0120966
0.0135161
0.0150007
0.016558
0.018196
0.0199236
0.0217502
0.0236862
0.0257429
0.0279328
0.0302698
0.0327693
0.0354489
0.0383283
0.0414302
0.0447807
0.04841
0.0523535
0.056653
0.0613579
0.0665277
0.072234
0.0785639
0.0856237
0.0935437
0.102483
0.112635
0.124223
0.13749
0.152636
0.169678
0.188142
0.206448
0.220943
0.224561
0.206134
0.153403
0.068046
0
0.000241032
0.000831443
0.00166035
0.00264833
0.00373981
0.00489937
0.00610757
0.00735632
0.00864463
0.00997554
0.0113542
0.0127867
0.0142799
0.0158411
0.0174782
0.0191994
0.0210138
0.022931
0.0249615
0.0271167
0.0294093
0.031853
0.0344632
0.0372571
0.0402541
0.0434759
0.0469474
0.0506971
0.0547576
0.059167
0.0639695
0.0692167
0.0749691
0.0812975
0.0882848
0.0960265
0.104631
0.114214
0.124889
0.13673
0.149699
0.163486
0.177193
0.188829
0.194585
0.18832
0.162167
0.111002
0.043751
0
0.000246925
0.000853289
0.00170288
0.00271227
0.00382412
0.0050028
0.00622932
0.00749607
0.00880247
0.0101518
0.0115491
0.0130008
0.0145136
0.0160947
0.0177519
0.0194934
0.0213279
0.023265
0.0253148
0.0274883
0.0297975
0.0322556
0.034877
0.0376778
0.0406755
0.0438901
0.0473435
0.0510608
0.0550699
0.0594025
0.0640945
0.0691861
0.0747225
0.0807538
0.0873337
0.0945185
0.102361
0.110903
0.120153
0.130048
0.140377
0.150623
0.15971
0.165606
0.164948
0.153
0.12501
0.0800986
0.0288401
0
0.000245255
0.000850033
0.00169773
0.00270378
0.00381032
0.00498184
0.00619972
0.00745674
0.00875253
0.0100904
0.0114756
0.0129142
0.0144128
0.0159783
0.0176184
0.0193408
0.0211539
0.0230667
0.0250887
0.0272303
0.0295025
0.0319174
0.0344879
0.0372283
0.0401541
0.0432823
0.0466313
0.0502217
0.0540756
0.0582172
0.0626727
0.0674697
0.0726368
0.0782025
0.084192
0.090624
0.0975028
0.104806
0.112465
0.120321
0.12806
0.135078
0.140285
0.141856
0.137054
0.122569
0.095843
0.0582669
0.0195312
0
0.000239643
0.000832604
0.00166452
0.00265169
0.00373676
0.00488471
0.00607729
0.00730756
0.00857524
0.00988365
0.0112378
0.0126437
0.0141075
0.015636
0.0172363
0.0189158
0.0206822
0.022544
0.0245098
0.0265891
0.0287918
0.0311286
0.0336108
0.0362506
0.039061
0.0420557
0.0452494
0.0486577
0.0522965
0.0561825
0.0603318
0.0647599
0.0694796
0.0744994
0.0798197
0.0854277
0.0912894
0.0973369
0.103448
0.109412
0.114871
0.119216
0.121453
0.120043
0.112912
0.0978523
0.0737986
0.042991
0.0136542
0
0.000231993
0.000807222
0.00161487
0.00257334
0.00362661
0.00474045
0.00589709
0.0070898
0.00831832
0.00958585
0.0108972
0.012258
0.0136743
0.0151524
0.0166988
0.0183204
0.0200245
0.0218186
0.0237107
0.0257091
0.0278225
0.03006
0.0324314
0.0349465
0.0376157
0.0404496
0.043459
0.0466545
0.0500462
0.0536432
0.0574528
0.0614792
0.0657217
0.0701719
0.0748102
0.0796004
0.0844814
0.0893561
0.0940743
0.0984044
0.101987
0.104262
0.104371
0.101088
0.0928882
0.0784003
0.0573868
0.0323479
0.00985979
0
0.00022313
0.00077691
0.00155473
0.00247788
0.00349218
0.00456456
0.00567782
0.00682542
0.00800708
0.00922583
0.0104862
0.0117936
0.0131535
0.0145719
0.0160549
0.0176087
0.0192399
0.0209553
0.022762
0.0246672
0.0266784
0.0288033
0.0310496
0.0334253
0.0359381
0.0385955
0.0414045
0.0443713
0.0475005
0.0507948
0.0542535
0.0578714
0.0616367
0.0655281
0.0695115
0.0735344
0.0775194
0.0813545
0.0848797
0.0878656
0.0899788
0.0907298
0.0894122
0.0850748
0.0766365
0.0632758
0.0452362
0.0248548
0.00737959
0
0.000213343
0.000742926
0.00148679
0.00236958
0.00333942
0.00436459
0.00542861
0.00652515
0.00765391
0.0088177
0.0100208
0.0112682
0.012565
0.0139167
0.0153289
0.0168073
0.0183578
0.0199864
0.0216993
0.0235026
0.0254026
0.0274056
0.0295176
0.0317445
0.0340917
0.0365638
0.0391645
0.0418959
0.0447581
0.047748
0.0508586
0.0540773
0.0573838
0.0607478
0.0641255
0.067455
0.070651
0.0735978
0.0761384
0.0780597
0.0790678
0.0787516
0.0765453
0.0717292
0.0635463
0.0515449
0.0361717
0.0195198
0.00569404
0
0.000202703
0.000705744
0.00141217
0.00225038
0.00317109
0.00414415
0.00515389
0.00619426
0.0072649
0.00836842
0.00950879
0.0106906
0.0119186
0.0131978
0.0145332
0.01593
0.0173935
0.0189288
0.0205412
0.022236
0.0240182
0.0258928
0.0278642
0.0299365
0.0321128
0.0343955
0.0367852
0.0392806
0.041878
0.0445699
0.0473443
0.0501832
0.0530605
0.0559402
0.058773
0.0614931
0.0640141
0.0662235
0.0679758
0.0690818
0.0692912
0.068268
0.0655684
0.0606536
0.053002
0.0423857
0.0293328
0.0156251
0.00452124
0
0.000191229
0.000665558
0.00133141
0.00212125
0.00298865
0.0039052
0.00485612
0.00583569
0.00684352
0.007882
0.00895478
0.010066
0.0112202
0.0124217
0.0136751
0.0149851
0.0163561
0.0177927
0.0192994
0.0208805
0.0225399
0.0242814
0.0261081
0.0280224
0.0300256
0.032118
0.0342977
0.0365609
0.0389007
0.0413064
0.0437626
0.0462474
0.0487315
0.0511758
0.0535292
0.055726
0.0576831
0.059296
0.060435
0.0609373
0.0605952
0.0591393
0.0562251
0.0514519
0.0444611
0.0351619
0.0240791
0.0127185
0.00366396
0
0.000178939
0.00062251
0.00124488
0.00198288
0.00279313
0.00364913
0.00453708
0.00545161
0.00639234
0.00736142
0.0083622
0.00939847
0.0104742
0.0115935
0.0127603
0.0139788
0.0152528
0.0165863
0.017983
0.0194462
0.0209792
0.0225845
0.024264
0.0260188
0.0278489
0.0297525
0.0317262
0.033764
0.0358569
0.0379919
0.0401514
0.0423116
0.0444416
0.0465015
0.0484411
0.0501975
0.0516938
0.0528363
0.0535123
0.053585
0.0528852
0.0511991
0.048261
0.0437724
0.0374863
0.0293892
0.0199709
0.0104873
0.00301948
0
0.000165867
0.000576751
0.00115292
0.00183586
0.00258545
0.0033772
0.00419835
0.00504397
0.00591367
0.00680938
0.00773414
0.00869139
0.00968468
0.0107176
0.0117939
0.0129168
0.01409
0.0153167
0.0165998
0.0179422
0.0193461
0.0208132
0.0223445
0.02394
0.0255984
0.0273168
0.0290904
0.0309119
0.0327707
0.0346528
0.0365393
0.0384059
0.0402215
0.0419474
0.0435358
0.0449288
0.0460568
0.0468381
0.0471768
0.0469598
0.046051
0.0442816
0.0414464
0.0373211
0.0317342
0.0247134
0.0166976
0.00873563
0.00251589
0
0.000152057
0.000528455
0.00105592
0.00168084
0.00236653
0.00309063
0.00384152
0.0046147
0.00540978
0.00622853
0.00707366
0.00794825
0.00885548
0.00979854
0.0107806
0.0118047
0.0128737
0.0139905
0.0151574
0.0163766
0.0176497
0.0189777
0.0203609
0.0217983
0.0232879
0.0248259
0.0264068
0.0280223
0.0296614
0.0313093
0.0329472
0.034551
0.0360911
0.0375308
0.038826
0.0399246
0.0407654
0.0412782
0.0413828
0.0409868
0.0399811
0.038233
0.0355824
0.0318588
0.0269402
0.020874
0.0140451
0.00732964
0.00211354
0
0.000137561
0.000477815
0.000954276
0.00151848
0.00213733
0.00279071
0.00346818
0.00416571
0.00488296
0.00562151
0.00638377
0.00717247
0.00799043
0.00884045
0.00972528
0.0106475
0.0116097
0.0126142
0.0136627
0.0147571
0.0158984
0.0170871
0.0183229
0.0196043
0.0209289
0.0222923
0.0236885
0.0251092
0.0265431
0.0279758
0.029389
0.03076
0.032061
0.0332585
0.0343128
0.035178
0.0358011
0.0361227
0.0360766
0.0355878
0.0345693
0.0329158
0.0305011
0.0271925
0.0229008
0.0176793
0.0118612
0.00618057
0.00178454
0
0.000122437
0.000425038
0.00084841
0.00134945
0.00189881
0.00247871
0.00307994
0.00369897
0.00433551
0.00499097
0.00566749
0.00636744
0.00709332
0.00784755
0.00863252
0.00945049
0.0103036
0.0111936
0.0121223
0.0130907
0.0140998
0.0151495
0.0162392
0.0173673
0.0185309
0.0197258
0.0209458
0.0221828
0.023426
0.0246618
0.0258731
0.0270391
0.0281344
0.0291293
0.0299889
0.0306731
0.0311372
0.0313314
0.0312015
0.0306869
0.0297178
0.02821
0.026062
0.0231677
0.0194585
0.0149864
0.0100365
0.00522584
0.00151105
0
0.000106747
0.000370339
0.000738757
0.00117446
0.00165198
0.00215594
0.00267843
0.00321642
0.00376972
0.00433956
0.00492779
0.00553651
0.00616785
0.00682392
0.00750677
0.00821832
0.00896036
0.00973447
0.010542
0.0113838
0.0122604
0.0131718
0.0141171
0.0150947
0.0161018
0.0171342
0.0181861
0.0192501
0.0203163
0.0213722
0.0224025
0.0233887
0.0243083
0.0251355
0.0258401
0.0263883
0.0267423
0.0268611
0.0267005
0.0262117
0.0253382
0.0240115
0.022148
0.0196598
0.0164909
0.0126871
0.0084905
0.00442066
0.0012801
0
9.05515e-005
0.000313936
0.000625761
0.000994219
0.00139784
0.00182373
0.00226529
0.00272005
0.00318789
0.00366989
0.00416766
0.00468297
0.00521766
0.00577352
0.00635231
0.00695567
0.00758511
0.00824196
0.00892733
0.00964199
0.0103863
0.0111602
0.0119628
0.0127927
0.0136473
0.0145229
0.0154145
0.0163153
0.0172169
0.0181082
0.0189762
0.0198047
0.0205748
0.0212642
0.0218479
0.0222974
0.0225816
0.0226672
0.0225181
0.0220949
0.0213514
0.0202304
0.0186611
0.0165678
0.013901
0.0106981
0.00716241
0.00373181
0.00108227
0
7.39159e-005
0.000256057
0.000509876
0.000809454
0.00113742
0.0014834
0.00184217
0.00221181
0.00259231
0.00298459
0.00339
0.00381006
0.00424629
0.00470021
0.00517329
0.00566693
0.00618244
0.00672095
0.00728342
0.00787054
0.00848269
0.00911981
0.00978131
0.010466
0.0111718
0.0118957
0.0126336
0.0133799
0.0141276
0.0148677
0.0155893
0.0162792
0.0169217
0.0174988
0.0179898
0.0183715
0.018619
0.0187051
0.0186009
0.0182741
0.0176864
0.0167888
0.015519
0.0138089
0.0116116
0.00895424
0.00600558
0.00313406
0.000910403
0
5.69057e-005
0.000196931
0.000391562
0.000620896
0.000871733
0.0011363
0.00141073
0.00169369
0.00198526
0.00228625
0.00259775
0.00292099
0.00325724
0.00360773
0.00397371
0.00435635
0.00475677
0.00517598
0.00561485
0.00607407
0.00655409
0.00705504
0.00757664
0.00811813
0.00867812
0.00925448
0.00984417
0.0104431
0.0110459
0.0116457
0.0122342
0.0128011
0.0133342
0.0138195
0.0142408
0.0145798
0.0148169
0.0149306
0.0148977
0.0146916
0.0142797
0.0136186
0.0126515
0.0113144
0.00955992
0.00740369
0.00498333
0.00260778
0.00075893
0
3.9588e-005
0.00013679
0.000271283
0.000429285
0.000601829
0.000783761
0.000972622
0.00116765
0.00136904
0.00157746
0.00179377
0.00201894
0.00225394
0.00249979
0.00275748
0.00302801
0.00331233
0.00361136
0.00392595
0.00425682
0.00460458
0.00496962
0.00535209
0.00575179
0.00616813
0.00659998
0.00704559
0.00750243
0.00796708
0.00843504
0.00890058
0.00935663
0.0097946
0.0102043
0.0105739
0.01089
0.0111376
0.0113003
0.0113595
0.0112934
0.0110733
0.0106595
0.00999804
0.00902619
0.00769379
0.00600412
0.00406624
0.00213735
0.000623419
0
2.20312e-005
7.58718e-005
0.000149514
0.000235371
0.000328758
0.000427162
0.000529532
0.000635695
0.000745951
0.00086083
0.000980968
0.00110706
0.00123982
0.00138002
0.00152844
0.00168588
0.00185319
0.00203121
0.00222077
0.0024227
0.00263781
0.0028668
0.00311031
0.00336883
0.00364263
0.00393173
0.00423578
0.00455399
0.00488502
0.00522681
0.00557652
0.00593031
0.00628325
0.00662917
0.00696055
0.00726849
0.00754259
0.00777081
0.00793884
0.00802834
0.0080136
0.0078568
0.00750488
0.00689405
0.00596908
0.00472026
0.00323005
0.00171002
0.000500234
0
4.3051e-006
1.44181e-005
2.67351e-005
3.99151e-005
5.35815e-005
6.78746e-005
8.31515e-005
9.98244e-005
0.000118299
0.000138969
0.000162233
0.000188515
0.000218279
0.000252041
0.000290373
0.000333914
0.000383371
0.000439524
0.000503233
0.000575436
0.000657152
0.000749472
0.000853555
0.000970606
0.00110186
0.00124854
0.00141182
0.00159276
0.0017922
0.0020107
0.00224839
0.00250486
0.00277895
0.00306859
0.00337064
0.00368067
0.00399275
0.00429906
0.00458899
0.00484718
0.00504986
0.0051599
0.00512335
0.00487321
0.00434726
0.00352185
0.00245425
0.00131502
0.000386323
0
-1.35188e-005
-4.73254e-005
-9.65661e-005
-0.00015631
-0.000222621
-0.000292706
-0.000364805
-0.000437929
-0.000511572
-0.000585484
-0.000659507
-0.000733492
-0.000807241
-0.000880488
-0.000952877
-0.00102395
-0.00109313
-0.0011597
-0.00122278
-0.00128132
-0.00133408
-0.0013796
-0.00141615
-0.0014418
-0.00145432
-0.00145122
-0.00142976
-0.00138696
-0.00131967
-0.0012246
-0.00109848
-0.000938184
-0.000740898
-0.00050439
-0.000227274
9.0658e-005
0.000448015
0.000841183
0.00126314
0.00170116
0.00213276
0.00252043
0.00280773
0.00292251
0.0027935
0.002382
0.00172081
0.000943044
0.000279007
0
-3.13675e-005
-0.000109107
-0.000219892
-0.00035252
-0.000498752
-0.000653161
-0.000812596
-0.000975502
-0.00114128
-0.00130984
-0.00148128
-0.00165572
-0.00183324
-0.00201385
-0.00219742
-0.00238369
-0.00257222
-0.00276238
-0.0029533
-0.00314384
-0.00333255
-0.00351759
-0.00369675
-0.00386732
-0.00402609
-0.00416932
-0.00429266
-0.00439116
-0.00445928
-0.00449092
-0.00447952
-0.0044182
-0.00429994
-0.00411796
-0.00386601
-0.00353892
-0.00313322
-0.00264804
-0.00208665
-0.00145921
-0.000787254
-0.000109565
0.000513463
0.00100247
0.001275
0.00127577
0.00101325
0.000585566
0.000175857
0
-4.91659e-005
-0.000170672
-0.000342735
-0.000547913
-0.000773697
-0.00101205
-0.00125845
-0.00151079
-0.00176841
-0.00203138
-0.00230004
-0.00257483
-0.00285614
-0.00314423
-0.00343925
-0.00374114
-0.00404965
-0.00436427
-0.00468418
-0.00500818
-0.00533465
-0.00566146
-0.0059859
-0.0063046
-0.00661339
-0.00690729
-0.00718038
-0.00742572
-0.00763535
-0.00780026
-0.00791047
-0.00795511
-0.0079227
-0.00780148
-0.00757989
-0.00724726
-0.00679466
-0.00621613
-0.0055107
-0.00468564
-0.00376165
-0.00277945
-0.00180482
-0.000926507
-0.000240651
0.000178899
0.000315729
0.000234483
7.45132e-005
0
-6.68374e-005
-0.000231757
-0.000464577
-0.000741675
-0.00104632
-0.0013679
-0.00170055
-0.00204166
-0.00239048
-0.00274727
-0.00311267
-0.00348742
-0.00387222
-0.00426766
-0.00467416
-0.00509194
-0.00552095
-0.00596086
-0.00641093
-0.00687001
-0.00733637
-0.00780766
-0.00828078
-0.00875175
-0.00921555
-0.00966605
-0.0100958
-0.010496
-0.0108561
-0.0111643
-0.011407
-0.011569
-0.0116342
-0.0115853
-0.0114048
-0.0110757
-0.0105828
-0.00991394
-0.00906307
-0.00803383
-0.00684581
-0.00554211
-0.00419538
-0.00290613
-0.00178715
-0.000933533
-0.000387875
-0.000118443
-2.7411e-005
0
-8.43032e-005
-0.000292094
-0.000584891
-0.000932973
-0.00131545
-0.0017192
-0.00213707
-0.0025659
-0.00300495
-0.00345465
-0.00391595
-0.00438993
-0.00487764
-0.00538001
-0.00589778
-0.00643147
-0.00698133
-0.00754724
-0.00812866
-0.00872452
-0.00933313
-0.00995201
-0.0105778
-0.011206
-0.011831
-0.0124455
-0.0130408
-0.0136061
-0.0141288
-0.0145938
-0.014984
-0.0152798
-0.0154599
-0.0155008
-0.0153784
-0.0150683
-0.0145476
-0.0137968
-0.0128032
-0.0115654
-0.0101013
-0.00845648
-0.00671186
-0.0049825
-0.00340149
-0.00208863
-0.00111499
-0.000482078
-0.000132548
0
-0.000101483
-0.000351411
-0.000703139
-0.00112096
-0.00157992
-0.00206444
-0.00256609
-0.00308127
-0.0036092
-0.00415054
-0.00470655
-0.00527869
-0.00586838
-0.00647692
-0.00710544
-0.00775481
-0.00842563
-0.00911808
-0.00983191
-0.0105663
-0.0113196
-0.0120894
-0.0128723
-0.0136635
-0.0144568
-0.0152442
-0.0160157
-0.016759
-0.0174591
-0.0180981
-0.0186553
-0.0191065
-0.0194245
-0.0195796
-0.0195396
-0.0192716
-0.0187433
-0.0179259
-0.0167977
-0.0153506
-0.0135989
-0.0115907
-0.00941647
-0.00720909
-0.0051264
-0.0033176
-0.00188559
-0.000866656
-0.000243946
0
-0.000118295
-0.000409431
-0.000818775
-0.00130477
-0.00183852
-0.00240204
-0.00298571
-0.00358548
-0.00420057
-0.00483188
-0.00548103
-0.00614987
-0.00684023
-0.00755382
-0.00829221
-0.00905668
-0.00984825
-0.0106675
-0.0115146
-0.012389
-0.0132895
-0.0142137
-0.0151585
-0.0161189
-0.0170885
-0.0180588
-0.0190189
-0.019955
-0.0208503
-0.0216844
-0.0224326
-0.0230662
-0.0235522
-0.0238533
-0.0239288
-0.0237354
-0.0232293
-0.0223695
-0.0211226
-0.0194706
-0.017422
-0.015026
-0.0123841
-0.00965058
-0.00701377
-0.00465835
-0.00272406
-0.00128469
-0.000365434
0
-0.000134656
-0.000465873
-0.000931245
-0.00148355
-0.00209003
-0.00273043
-0.00339396
-0.00407616
-0.0047763
-0.00549553
-0.00623585
-0.00699952
-0.00778881
-0.00860591
-0.00945285
-0.0103314
-0.0112431
-0.0121891
-0.0131699
-0.0141857
-0.0152355
-0.0163176
-0.017429
-0.0185651
-0.0197195
-0.0208836
-0.0220459
-0.0231918
-0.0243029
-0.0253564
-0.0263243
-0.0271735
-0.0278647
-0.0283528
-0.028587
-0.028512
-0.0280701
-0.0272045
-0.0258659
-0.0240219
-0.0216714
-0.0188625
-0.0157082
-0.0123885
-0.00912938
-0.00615931
-0.00366168
-0.00175247
-0.000502046
0
-0.000150483
-0.000520456
-0.00103999
-0.00165639
-0.00233322
-0.003048
-0.00378884
-0.00455094
-0.0053336
-0.00613828
-0.00696735
-0.00782351
-0.00870954
-0.00962812
-0.0105818
-0.011573
-0.0126037
-0.0136758
-0.0147904
-0.0159482
-0.0171492
-0.0183921
-0.0196747
-0.0209929
-0.0223408
-0.02371
-0.0250892
-0.0264634
-0.0278131
-0.0291138
-0.0303349
-0.0314388
-0.0323803
-0.0331061
-0.0335544
-0.0336559
-0.0333358
-0.0325175
-0.03113
-0.0291202
-0.0264713
-0.0232262
-0.0195088
-0.0155292
-0.0115603
-0.00788523
-0.00474083
-0.00229228
-0.000660848
0
-0.000165695
-0.0005729
-0.00114447
-0.00182244
-0.00256685
-0.00335313
-0.00416836
-0.00500739
-0.00586963
-0.00675682
-0.00767176
-0.00861762
-0.00959769
-0.0106152
-0.0116733
-0.0127749
-0.013923
-0.0151198
-0.0163675
-0.0176676
-0.0190208
-0.020427
-0.0218847
-0.0233909
-0.0249407
-0.0265265
-0.0281376
-0.0297594
-0.0313722
-0.0329508
-0.0344625
-0.0358663
-0.0371117
-0.0381368
-0.0388685
-0.0392218
-0.0391012
-0.0384054
-0.0370345
-0.0349058
-0.0319774
-0.0282796
-0.0239445
-0.0192166
-0.0144263
-0.00992658
-0.00602152
-0.00293621
-0.000852149
0
-0.000180211
-0.000622934
-0.00124413
-0.00198083
-0.00278971
-0.00364422
-0.00453049
-0.00544308
-0.0063815
-0.00734783
-0.00834527
-0.00937751
-0.0104483
-0.0115616
-0.0127211
-0.0139305
-0.0151933
-0.0165129
-0.0178922
-0.0193338
-0.0208394
-0.0224102
-0.0240461
-0.0257454
-0.0275046
-0.0293176
-0.0311753
-0.0330641
-0.0349656
-0.0368546
-0.0386979
-0.0404524
-0.0420631
-0.0434609
-0.0445611
-0.0452617
-0.0454438
-0.0449752
-0.0437184
-0.0415493
-0.038387
-0.0342364
-0.0292307
-0.023651
-0.0178985
-0.0124152
-0.00759277
-0.00373252
-0.00109176
0
-0.000193959
-0.0006703
-0.00133845
-0.0021307
-0.00300056
-0.00391965
-0.00487321
-0.00585555
-0.00686632
-0.00790791
-0.00898399
-0.0100987
-0.0112565
-0.0124618
-0.0137189
-0.0150325
-0.0164069
-0.0178462
-0.0193546
-0.0209357
-0.0225928
-0.0243283
-0.0261439
-0.0280397
-0.0300144
-0.032064
-0.0341816
-0.0363561
-0.0385713
-0.0408039
-0.0430218
-0.045182
-0.0472269
-0.0490823
-0.050653
-0.0518201
-0.052439
-0.052341
-0.051341
-0.0492576
-0.0459514
-0.0413813
-0.0356662
-0.0291211
-0.0222306
-0.0155517
-0.0095923
-0.00475705
-0.00140476
0
-0.000206877
-0.000714763
-0.00142692
-0.00227121
-0.0031982
-0.00417781
-0.00519447
-0.00624231
-0.00732111
-0.00843362
-0.00958393
-0.0107767
-0.012017
-0.0133097
-0.0146601
-0.0160735
-0.017555
-0.0191101
-0.0207438
-0.0224613
-0.0242672
-0.0261659
-0.0281609
-0.0302547
-0.0324486
-0.0347416
-0.0371301
-0.0396066
-0.0421586
-0.0447667
-0.0474025
-0.0500253
-0.052579
-0.0549868
-0.0571467
-0.0589249
-0.0601514
-0.0606165
-0.0600771
-0.0582764
-0.0549891
-0.0500961
-0.0436731
-0.0360527
-0.0278124
-0.0196522
-0.0122424
-0.00613333
-0.00183243
0
-0.000218918
-0.000756096
-0.00150903
-0.00240146
-0.0033813
-0.00441691
-0.00549203
-0.00660064
-0.00774266
-0.00892118
-0.0101407
-0.0114065
-0.012724
-0.014099
-0.0155373
-0.017045
-0.0186285
-0.0202939
-0.0220478
-0.0238967
-0.025847
-0.0279051
-0.0300768
-0.0323673
-0.0347811
-0.0373209
-0.0399874
-0.0427781
-0.0456859
-0.0486977
-0.0517913
-0.0549326
-0.0580708
-0.0611325
-0.0640144
-0.0665735
-0.068618
-0.0698977
-0.0701034
-0.0688834
-0.0658929
-0.060888
-0.0538474
-0.045085
-0.0352529
-0.0252331
-0.0159117
-0.00807001
-0.00244444
0
-0.000230035
-0.000794015
-0.00158407
-0.00252025
-0.00354808
-0.0046346
-0.00576295
-0.00692698
-0.00812679
-0.00936576
-0.0106488
-0.0119817
-0.0133704
-0.0148214
-0.0163412
-0.0179367
-0.0196152
-0.0213841
-0.0232513
-0.0252247
-0.0273126
-0.0295236
-0.031866
-0.0343482
-0.0369783
-0.0397634
-0.0427094
-0.0458201
-0.0490958
-0.0525318
-0.0561159
-0.0598246
-0.0636184
-0.0674348
-0.0711781
-0.0747068
-0.0778176
-0.0802273
-0.0815607
-0.0813565
-0.0791147
-0.0744005
-0.0670177
-0.0571598
-0.0455185
-0.0331379
-0.0212305
-0.0109247
-0.00336167
0
-0.000240122
-0.000827952
-0.00165075
-0.00262538
-0.00369542
-0.00482682
-0.00600224
-0.00721542
-0.00846659
-0.00975941
-0.0110992
-0.0124921
-0.0139447
-0.015464
-0.0170573
-0.0187322
-0.020497
-0.0223603
-0.0243312
-0.0264193
-0.0286347
-0.0309882
-0.0334909
-0.0361547
-0.0389914
-0.0420133
-0.0452323
-0.0486593
-0.0523039
-0.0561722
-0.0602651
-0.064575
-0.0690805
-0.073739
-0.0784755
-0.083166
-0.0876149
-0.0915262
-0.0944742
-0.0958901
-0.0950874
-0.0913774
-0.0842434
-0.0736328
-0.0600678
-0.0447578
-0.0292559
-0.0153254
-0.00479399
0
-0.000248853
-0.000856526
-0.00170615
-0.00271222
-0.00381693
-0.00498544
-0.00620003
-0.0074543
-0.00874858
-0.0100867
-0.0114744
-0.0129181
-0.0144249
-0.0160023
-0.0176582
-0.0194012
-0.0212403
-0.0231852
-0.0252462
-0.0274346
-0.0297622
-0.032242
-0.0348881
-0.0377155
-0.0407403
-0.04398
-0.0474528
-0.0511782
-0.0551755
-0.059464
-0.0640607
-0.0689784
-0.0742207
-0.0797757
-0.0856041
-0.0916212
-0.097669
-0.103476
-0.108606
-0.112416
-0.114043
-0.112463
-0.106732
-0.0962049
-0.0810394
-0.0622149
-0.0417792
-0.0223465
-0.00711857
0
-0.000255344
-0.000876535
-0.001744
-0.00277115
-0.00389961
-0.00509409
-0.00633654
-0.00762038
-0.0089459
-0.0103171
-0.0117398
-0.0132208
-0.0147675
-0.0163881
-0.0180908
-0.019885
-0.0217804
-0.0237876
-0.0259181
-0.0281845
-0.0306004
-0.0331807
-0.0359422
-0.038903
-0.0420832
-0.0455055
-0.0491945
-0.0531778
-0.0574857
-0.0621511
-0.0672093
-0.0726966
-0.0786475
-0.0850903
-0.0920373
-0.0994678
-0.1073
-0.115341
-0.12322
-0.130304
-0.135609
-0.137821
-0.135335
-0.126727
-0.111018
-0.0886499
-0.0615849
-0.0338755
-0.0109991
0
-0.000257607
-0.000881502
-0.0017522
-0.00278412
-0.00391934
-0.00512251
-0.00637522
-0.00767059
-0.00900869
-0.0103935
-0.0118309
-0.0133279
-0.0148922
-0.0165322
-0.0182566
-0.0200752
-0.0219982
-0.0240371
-0.0262042
-0.0285129
-0.0309785
-0.0336175
-0.0364485
-0.0394926
-0.0427733
-0.0463176
-0.0501559
-0.0543233
-0.0588602
-0.0638127
-0.0692342
-0.0751851
-0.0817335
-0.0889537
-0.0969209
-0.105701
-0.115327
-0.125753
-0.136778
-0.147916
-0.158259
-0.16626
-0.169784
-0.16606
-0.152589
-0.127772
-0.0929234
-0.0530457
-0.017718
0
-0.000251901
-0.000860154
-0.00171052
-0.00272138
-0.00383657
-0.00502095
-0.0062557
-0.00753342
-0.00885384
-0.0102207
-0.0116399
-0.0131184
-0.0146639
-0.0162849
-0.0179904
-0.0197901
-0.0216947
-0.0237159
-0.0258664
-0.0281603
-0.0306135
-0.0332436
-0.0360706
-0.0391171
-0.0424092
-0.0459766
-0.0498544
-0.054083
-0.0587106
-0.0637942
-0.0694018
-0.0756153
-0.0825333
-0.0902741
-0.0989785
-0.108809
-0.119939
-0.132529
-0.146654
-0.162179
-0.1785
-0.194268
-0.206885
-0.212516
-0.206063
-0.182922
-0.14105
-0.0852114
-0.0298235
0
-0.000232311
-0.000796022
-0.0015903
-0.00254117
-0.00359543
-0.00471841
-0.00589088
-0.00710487
-0.00835967
-0.00965867
-0.0110075
-0.0124128
-0.0138822
-0.0154238
-0.0170464
-0.0187595
-0.0205735
-0.0224998
-0.0245509
-0.0267408
-0.0290852
-0.0316018
-0.0343106
-0.0372347
-0.0404006
-0.0438391
-0.0475868
-0.0516869
-0.0561909
-0.0611618
-0.0666761
-0.0728292
-0.0797399
-0.0875592
-0.0964793
-0.106746
-0.118671
-0.132635
-0.14906
-0.168303
-0.190426
-0.214679
-0.238869
-0.258423
-0.266186
-0.252901
-0.210546
-0.138327
-0.0531321
0
-0.000191371
-0.000670202
-0.00135932
-0.00219572
-0.00313018
-0.00412911
-0.00517335
-0.00625471
-0.00737212
-0.00852858
-0.00972918
-0.0109801
-0.0122881
-0.0136606
-0.0151056
-0.0166316
-0.0182482
-0.0199657
-0.0217955
-0.0237504
-0.0258447
-0.0280948
-0.0305191
-0.033139
-0.0359793
-0.0390691
-0.0424427
-0.0461413
-0.0502148
-0.0547242
-0.0597455
-0.0653743
-0.0717332
-0.0789824
-0.0873345
-0.0970779
-0.108608
-0.122467
-0.139372
-0.160199
-0.185806
-0.216583
-0.251579
-0.287175
-0.315669
-0.324415
-0.297188
-0.220383
-0.0999972
0
-0.000123725
-0.000470881
-0.000995434
-0.00164701
-0.00238216
-0.00317047
-0.00399463
-0.00484735
-0.00572766
-0.00663809
-0.00758287
-0.00856704
-0.00959611
-0.010676
-0.0118131
-0.0130142
-0.0142869
-0.0156395
-0.0170811
-0.0186219
-0.0202735
-0.0220488
-0.0239628
-0.0260327
-0.0282786
-0.0307239
-0.0333967
-0.0363305
-0.0395664
-0.0431546
-0.0471583
-0.0516576
-0.0567567
-0.0625937
-0.0693565
-0.0773085
-0.086829
-0.0984741
-0.113051
-0.131695
-0.155821
-0.186938
-0.225873
-0.271711
-0.319547
-0.358367
-0.368118
-0.319998
-0.186421
0
-3.86983e-005
-0.000215995
-0.000512524
-0.000893064
-0.00132628
-0.00179097
-0.00227566
-0.00277586
-0.00329126
-0.00382365
-0.00437576
-0.00495071
-0.00555181
-0.0061826
-0.00684684
-0.00754862
-0.00829236
-0.00908295
-0.00992578
-0.0108269
-0.0117931
-0.012832
-0.0139525
-0.0151648
-0.0164806
-0.017914
-0.0194815
-0.0212029
-0.0231025
-0.0252104
-0.0275637
-0.0302105
-0.0332128
-0.0366537
-0.0406469
-0.0453551
-0.0510194
-0.0580069
-0.0668907
-0.0785232
-0.0941647
-0.115359
-0.143975
-0.18127
-0.227511
-0.27916
-0.326195
-0.343422
-0.275229
0
6.9513e-007
2.37153e-006
4.03393e-006
5.20576e-006
5.72034e-006
5.68166e-006
5.28126e-006
4.70089e-006
4.05152e-006
3.38404e-006
2.70758e-006
2.01445e-006
1.28709e-006
5.16039e-007
-3.22477e-007
-1.22844e-006
-2.23835e-006
-3.34028e-006
-4.5906e-006
-5.96474e-006
-7.543e-006
-9.29107e-006
-1.13159e-005
-1.35793e-005
-1.62204e-005
-1.92051e-005
-2.27178e-005
-2.67421e-005
-3.15344e-005
-3.71266e-005
-4.39053e-005
-5.20323e-005
-6.2179e-005
-7.49089e-005
-9.17177e-005
-0.000114703
-0.000147886
-0.0001991
-0.000274437
-0.000397913
-0.000545253
-0.000781177
-0.000943765
-0.00120369
-0.00117841
-0.00119907
-0.000820936
-0.000494355
-7.41989e-005
0
-0.0241814
-0.0240823
-0.0239775
-0.023917
-0.0239261
-0.0240143
-0.024184
-0.0244351
-0.0247673
-0.0251811
-0.0256781
-0.0262604
-0.0269312
-0.0276939
-0.0285527
-0.0295124
-0.0305783
-0.0317564
-0.0330533
-0.0344767
-0.0360346
-0.0377365
-0.0395925
-0.0416143
-0.0438145
-0.0462077
-0.0488102
-0.0516403
-0.0547192
-0.058071
-0.0617238
-0.0657105
-0.0700699
-0.0748486
-0.0801033
-0.0859043
-0.0923404
-0.099527
-0.10762
-0.116838
-0.12751
-0.140156
-0.15564
-0.175472
-0.202351
-0.241416
-0.303005
-0.409913
-0.612559
-1.0126
-0.0242702
-0.0241742
-0.0240977
-0.0240656
-0.024096
-0.0241984
-0.0243778
-0.0246362
-0.0249751
-0.025396
-0.0259008
-0.0264921
-0.0271729
-0.0279468
-0.0288183
-0.029792
-0.0308735
-0.0320688
-0.0333849
-0.0348295
-0.0364109
-0.0381388
-0.0400238
-0.0420777
-0.044314
-0.0467477
-0.0493957
-0.0522776
-0.0554154
-0.0588351
-0.0625664
-0.0666449
-0.0711129
-0.0760215
-0.0814337
-0.0874286
-0.0941076
-0.101604
-0.110099
-0.119848
-0.131221
-0.14478
-0.161395
-0.182448
-0.21013
-0.247854
-0.300473
-0.373012
-0.462286
-0.511333
-0.0243717
-0.0242507
-0.0241758
-0.0241545
-0.0241965
-0.0243086
-0.0244955
-0.0247599
-0.0251042
-0.0255303
-0.0260405
-0.0266376
-0.0273249
-0.0281061
-0.0289854
-0.0299679
-0.031059
-0.032265
-0.0335929
-0.0350503
-0.036646
-0.0383897
-0.0402921
-0.0423655
-0.0446233
-0.047081
-0.0497559
-0.052668
-0.0558401
-0.0592987
-0.0630746
-0.0672044
-0.0717318
-0.0767099
-0.0822039
-0.0882958
-0.0950902
-0.102724
-0.111379
-0.121305
-0.13285
-0.146508
-0.162982
-0.183251
-0.208579
-0.240261
-0.278568
-0.319739
-0.348181
-0.318445
-0.0244297
-0.0242836
-0.0242011
-0.0241814
-0.0242283
-0.0243458
-0.0245375
-0.0248059
-0.0251535
-0.0255825
-0.0260956
-0.0266955
-0.0273857
-0.0281698
-0.0290524
-0.0300383
-0.0311331
-0.0323431
-0.0336753
-0.0351374
-0.0367382
-0.0384874
-0.0403959
-0.0424757
-0.0447406
-0.047206
-0.0498894
-0.0528105
-0.0559923
-0.0594612
-0.063248
-0.067389
-0.0719274
-0.0769156
-0.0824174
-0.0885121
-0.0952995
-0.102908
-0.111503
-0.121304
-0.132601
-0.145778
-0.161325
-0.179812
-0.201719
-0.226912
-0.253378
-0.274829
-0.277208
-0.238834
-0.0244183
-0.0242553
-0.0241649
-0.0241433
-0.0241914
-0.0243112
-0.0245052
-0.0247754
-0.0251241
-0.0255538
-0.0260669
-0.0266665
-0.0273559
-0.028139
-0.0290201
-0.0300042
-0.0310969
-0.0323044
-0.0336337
-0.0350924
-0.0366893
-0.0384341
-0.0403374
-0.0424114
-0.0446694
-0.0471268
-0.0498007
-0.0527105
-0.0558787
-0.0593309
-0.0630969
-0.0672117
-0.0717165
-0.0766606
-0.0821036
-0.0881183
-0.0947944
-0.102244
-0.110609
-0.120066
-0.130841
-0.143206
-0.157466
-0.173881
-0.192418
-0.212177
-0.23034
-0.240824
-0.234061
-0.201871
-0.0243285
-0.0241569
-0.0240613
-0.0240374
-0.0240851
-0.0242053
-0.0243994
-0.0246694
-0.0250171
-0.0254449
-0.0259554
-0.0265516
-0.0272367
-0.0280146
-0.0288898
-0.029867
-0.0309518
-0.0321505
-0.0334697
-0.0349173
-0.0365017
-0.0382324
-0.0401199
-0.0421761
-0.044414
-0.0468485
-0.0494961
-0.0523756
-0.0555085
-0.0589191
-0.0626356
-0.0666906
-0.0711222
-0.0759754
-0.0813035
-0.0871705
-0.0936534
-0.100846
-0.108861
-0.117836
-0.127934
-0.139336
-0.152208
-0.166595
-0.182164
-0.19769
-0.210314
-0.215097
-0.206288
-0.18185
-0.0241591
-0.0239853
-0.0238875
-0.0238622
-0.023909
-0.0240282
-0.024221
-0.0244888
-0.0248335
-0.0252571
-0.0257623
-0.0263518
-0.0270291
-0.027798
-0.0286627
-0.029628
-0.0306995
-0.0318831
-0.0331856
-0.0346144
-0.036178
-0.0378854
-0.039747
-0.041774
-0.0439793
-0.0463769
-0.0489826
-0.0518143
-0.0548921
-0.0582386
-0.06188
-0.0658458
-0.0701704
-0.0748935
-0.0800614
-0.0857281
-0.0919572
-0.0988232
-0.106413
-0.114828
-0.124177
-0.134571
-0.146072
-0.15859
-0.171633
-0.183906
-0.192863
-0.194823
-0.186574
-0.168538
-0.0239124
-0.0237404
-0.0236428
-0.0236171
-0.0236629
-0.0237805
-0.0239707
-0.0242348
-0.0245744
-0.0249916
-0.0254887
-0.0260687
-0.0267348
-0.0274906
-0.0283405
-0.0292892
-0.0303419
-0.0315045
-0.0327837
-0.0341865
-0.0357212
-0.0373966
-0.0392225
-0.0412098
-0.0433706
-0.0457183
-0.0482677
-0.0510355
-0.0540403
-0.0573028
-0.0608466
-0.0646981
-0.0688874
-0.0734487
-0.0784207
-0.0838477
-0.0897801
-0.0962748
-0.103395
-0.111211
-0.11979
-0.129186
-0.139391
-0.150227
-0.161143
-0.17091
-0.177417
-0.178045
-0.171123
-0.157911
-0.0235914
-0.0234235
-0.023328
-0.0233028
-0.0233477
-0.023463
-0.0236496
-0.0239085
-0.0242412
-0.0246497
-0.0251363
-0.0257037
-0.0263552
-0.0270944
-0.0279253
-0.0288525
-0.0298813
-0.0310172
-0.0322666
-0.0336366
-0.0351348
-0.0367698
-0.0385508
-0.0404884
-0.0425937
-0.0448794
-0.0473593
-0.0500487
-0.0529645
-0.0561254
-0.0595523
-0.0632683
-0.0672991
-0.0716732
-0.0764223
-0.0815814
-0.0871887
-0.0932853
-0.0999148
-0.10712
-0.114937
-0.123378
-0.132383
-0.141731
-0.150867
-0.158697
-0.163541
-0.163585
-0.158032
-0.14827
-0.0231991
-0.0230369
-0.0229446
-0.0229204
-0.0229645
-0.0230771
-0.0232591
-0.0235114
-0.0238355
-0.0242332
-0.0247068
-0.0252589
-0.0258926
-0.0266114
-0.0274192
-0.0283205
-0.0293202
-0.0304239
-0.0316377
-0.0329681
-0.0344226
-0.0360092
-0.0377369
-0.0396153
-0.041655
-0.0438677
-0.046266
-0.048864
-0.0516767
-0.0547208
-0.0580144
-0.0615773
-0.0654309
-0.0695986
-0.0741052
-0.0789772
-0.0842422
-0.0899279
-0.096061
-0.102664
-0.109747
-0.117292
-0.125209
-0.133257
-0.140914
-0.147244
-0.150941
-0.150761
-0.146391
-0.139089
-0.0227384
-0.0225829
-0.0224945
-0.0224718
-0.022515
-0.0226246
-0.0228011
-0.0230455
-0.0233594
-0.0237443
-0.0242025
-0.0247365
-0.0253492
-0.0260441
-0.0268249
-0.0276959
-0.0286619
-0.0297281
-0.0309003
-0.0321849
-0.0335889
-0.0351198
-0.036786
-0.0385966
-0.0405614
-0.042691
-0.044997
-0.047492
-0.0501893
-0.0531036
-0.0562503
-0.059646
-0.0633082
-0.0672553
-0.0715061
-0.0760796
-0.0809942
-0.0862667
-0.09191
-0.0979306
-0.10432
-0.11104
-0.117984
-0.124911
-0.131348
-0.136516
-0.139407
-0.139172
-0.135743
-0.13017
-0.0222122
-0.0220641
-0.0219802
-0.0219593
-0.0220016
-0.0221075
-0.0222777
-0.0225131
-0.0228151
-0.0231853
-0.0236258
-0.0241391
-0.0247279
-0.0253955
-0.0261456
-0.0269822
-0.0279098
-0.0289335
-0.0300587
-0.0312916
-0.0326386
-0.0341069
-0.0357042
-0.037439
-0.0393203
-0.0413578
-0.043562
-0.0459439
-0.0485154
-0.051289
-0.0542777
-0.0574953
-0.0609555
-0.0646724
-0.0686595
-0.0729294
-0.077493
-0.082358
-0.0875271
-0.0929946
-0.0987395
-0.10471
-0.110795
-0.116763
-0.122199
-0.126462
-0.128777
-0.128559
-0.125858
-0.121523
-0.0216233
-0.0214833
-0.0214044
-0.0213854
-0.0214266
-0.0215284
-0.0216914
-0.0219167
-0.0222053
-0.022559
-0.0229797
-0.0234697
-0.0240317
-0.0246689
-0.0253846
-0.0261828
-0.0270678
-0.0280442
-0.0291174
-0.0302929
-0.031577
-0.0329762
-0.0344979
-0.0361496
-0.0379398
-0.0398771
-0.041971
-0.0442312
-0.0466681
-0.0492922
-0.0521143
-0.0551456
-0.0583966
-0.0618775
-0.0655975
-0.0695639
-0.0737814
-0.0782508
-0.0829671
-0.0879161
-0.0930686
-0.0983667
-0.103698
-0.108852
-0.11347
-0.117024
-0.118918
-0.118742
-0.116596
-0.113158
-0.0209749
-0.0208436
-0.02077
-0.0207531
-0.020793
-0.0208902
-0.0210453
-0.0212592
-0.021533
-0.0218684
-0.0222672
-0.0227316
-0.0232642
-0.0238678
-0.0245458
-0.0253019
-0.0261401
-0.0270649
-0.0280812
-0.0291942
-0.0304098
-0.0317342
-0.0331739
-0.034736
-0.0364282
-0.0382583
-0.0402346
-0.0423658
-0.0446607
-0.0471282
-0.0497773
-0.0526165
-0.0556539
-0.0588964
-0.0623495
-0.0660163
-0.0698969
-0.0739868
-0.0782755
-0.0827435
-0.0873566
-0.0920552
-0.0967318
-0.101197
-0.105142
-0.108137
-0.109717
-0.109589
-0.107868
-0.105095
-0.0202703
-0.0201482
-0.0200803
-0.0200654
-0.0201038
-0.0201959
-0.0203423
-0.0205438
-0.0208016
-0.021117
-0.021492
-0.0219285
-0.022429
-0.0229963
-0.0236334
-0.0243439
-0.0251315
-0.0260005
-0.0269554
-0.0280012
-0.0291432
-0.0303872
-0.0317394
-0.033206
-0.0347941
-0.0365108
-0.0383633
-0.0403593
-0.0425064
-0.0448119
-0.0472831
-0.0499267
-0.0527484
-0.0557526
-0.0589418
-0.062316
-0.0658716
-0.0696008
-0.0734892
-0.0775141
-0.0816396
-0.0858067
-0.0899154
-0.0937976
-0.0971903
-0.0997395
-0.101079
-0.100995
-0.0996015
-0.097335
-0.0195129
-0.0194007
-0.0193387
-0.0193259
-0.0193626
-0.0194492
-0.0195861
-0.0197742
-0.0200146
-0.0203085
-0.0206578
-0.0210643
-0.0215303
-0.0220585
-0.0226518
-0.0233134
-0.0240469
-0.0248562
-0.0257457
-0.0267198
-0.0277836
-0.0289424
-0.0302018
-0.0315677
-0.0330464
-0.0346441
-0.0363676
-0.0382233
-0.0402177
-0.0423572
-0.0446474
-0.0470934
-0.0496992
-0.0524671
-0.0553975
-0.0584879
-0.0617326
-0.065121
-0.0686369
-0.0722561
-0.0759426
-0.0796399
-0.0832569
-0.0866453
-0.0895808
-0.0917706
-0.092922
-0.0928764
-0.0917393
-0.089867
-0.0187067
-0.0186048
-0.018549
-0.0185383
-0.0185731
-0.0186536
-0.0187803
-0.0189541
-0.0191758
-0.0194468
-0.0197686
-0.0201432
-0.0205725
-0.0210592
-0.0216058
-0.0222155
-0.0228916
-0.0236377
-0.0244578
-0.0253563
-0.0263376
-0.0274067
-0.0285688
-0.0298292
-0.0311937
-0.0326679
-0.0342578
-0.0359689
-0.0378071
-0.0397775
-0.0418847
-0.0441325
-0.0465235
-0.0490586
-0.0517366
-0.0545534
-0.0575018
-0.0605699
-0.0637406
-0.0669894
-0.0702815
-0.0735643
-0.0767552
-0.0797242
-0.0822793
-0.0841764
-0.0851783
-0.0851646
-0.0842309
-0.0826722
-0.0178557
-0.0177645
-0.0177151
-0.0177065
-0.0177391
-0.0178131
-0.017929
-0.0180875
-0.0182895
-0.0185362
-0.018829
-0.0191697
-0.0195603
-0.0200031
-0.0205005
-0.0210555
-0.0216711
-0.0223507
-0.0230981
-0.0239171
-0.0248121
-0.0257875
-0.0268481
-0.0279989
-0.029245
-0.0305916
-0.0320439
-0.0336071
-0.0352861
-0.0370852
-0.0390083
-0.0410582
-0.0432365
-0.0455432
-0.0479759
-0.0505299
-0.0531969
-0.0559647
-0.058816
-0.0617273
-0.0646654
-0.0675822
-0.0704034
-0.0730149
-0.0752515
-0.0769077
-0.0777889
-0.0778016
-0.077032
-0.0757273
-0.0169642
-0.0168841
-0.0168412
-0.0168347
-0.0168649
-0.016932
-0.0170364
-0.0171788
-0.01736
-0.0175811
-0.0178434
-0.0181486
-0.0184986
-0.0188953
-0.0193412
-0.0198389
-0.0203913
-0.0210014
-0.0216728
-0.022409
-0.0232141
-0.0240922
-0.0250476
-0.0260849
-0.027209
-0.0284244
-0.0297359
-0.0311482
-0.0326656
-0.034292
-0.0360305
-0.0378834
-0.0398517
-0.0419347
-0.0441297
-0.0464315
-0.0488316
-0.051318
-0.0538741
-0.0564775
-0.0590978
-0.0616908
-0.0641904
-0.0664959
-0.0684642
-0.0699206
-0.0707031
-0.0707378
-0.0701026
-0.0690072
-0.0160365
-0.0159678
-0.0159317
-0.0159273
-0.0159549
-0.0160146
-0.016107
-0.0162325
-0.0163919
-0.0165862
-0.0168168
-0.0170849
-0.0173924
-0.0177412
-0.0181335
-0.0185715
-0.0190581
-0.019596
-0.0201885
-0.0208389
-0.0215509
-0.0223283
-0.0231751
-0.0240957
-0.0250943
-0.0261754
-0.0273432
-0.0286022
-0.0299561
-0.0314085
-0.0329623
-0.0346194
-0.0363805
-0.0382447
-0.0402093
-0.042269
-0.0444159
-0.0466384
-0.0489212
-0.0512436
-0.0535777
-0.0558838
-0.0581025
-0.0601449
-0.061886
-0.0631754
-0.0638764
-0.0639301
-0.0634065
-0.0624864
-0.0150774
-0.0150205
-0.0149912
-0.0149888
-0.0150135
-0.0150656
-0.0151454
-0.0152533
-0.0153901
-0.0155566
-0.0157541
-0.0159838
-0.0162473
-0.0165464
-0.016883
-0.0172593
-0.0176778
-0.0181411
-0.018652
-0.0192138
-0.0198298
-0.0205035
-0.0212387
-0.0220394
-0.0229096
-0.0238534
-0.024875
-0.0259783
-0.0271671
-0.0284447
-0.0298138
-0.0312762
-0.0328328
-0.0344828
-0.0362237
-0.0380508
-0.0399568
-0.0419313
-0.0439603
-0.0460252
-0.0481008
-0.0501515
-0.0521241
-0.0539393
-0.0554869
-0.056636
-0.0572696
-0.0573398
-0.0569105
-0.0561392
-0.0140918
-0.0140468
-0.0140244
-0.014024
-0.0140457
-0.0140898
-0.0141564
-0.0142461
-0.0143595
-0.0144973
-0.0146607
-0.0148507
-0.0150688
-0.0153166
-0.0155959
-0.0159085
-0.0162568
-0.0166432
-0.0170703
-0.0175409
-0.0180582
-0.0186255
-0.0192463
-0.0199243
-0.0206634
-0.0214674
-0.0223402
-0.0232858
-0.0243078
-0.0254095
-0.0265938
-0.0278626
-0.029217
-0.0306567
-0.0321799
-0.0337826
-0.0354586
-0.037199
-0.0389913
-0.0408192
-0.0426603
-0.0444826
-0.0462384
-0.0478566
-0.0492388
-0.0502695
-0.0508471
-0.0509324
-0.0505839
-0.049941
-0.0130845
-0.0130518
-0.0130363
-0.0130378
-0.0130563
-0.013092
-0.0131451
-0.0132161
-0.0133053
-0.0134136
-0.0135419
-0.0136912
-0.0138627
-0.0140578
-0.0142781
-0.0145255
-0.0148018
-0.0151093
-0.0154503
-0.0158276
-0.0162439
-0.0167023
-0.0172061
-0.0177588
-0.0183641
-0.0190257
-0.0197474
-0.0205332
-0.0213868
-0.0223115
-0.0233105
-0.0243861
-0.02554
-0.0267726
-0.0280829
-0.0294681
-0.0309234
-0.0324413
-0.0340116
-0.03562
-0.037247
-0.038864
-0.040428
-0.0418744
-0.0431146
-0.0440451
-0.0445765
-0.0446758
-0.0443978
-0.0438673
-0.0120608
-0.0120404
-0.012032
-0.0120353
-0.0120504
-0.0120775
-0.0121167
-0.0121684
-0.012233
-0.012311
-0.0124034
-0.012511
-0.0126348
-0.0127761
-0.0129362
-0.0131168
-0.0133195
-0.0135464
-0.0137995
-0.0140813
-0.0143944
-0.0147417
-0.0151261
-0.0155511
-0.0160201
-0.0165369
-0.0171052
-0.017729
-0.0184121
-0.0191584
-0.0199712
-0.0208536
-0.0218078
-0.0228354
-0.0239363
-0.0251093
-0.0263512
-0.0276563
-0.0290165
-0.03042
-0.03185
-0.0332812
-0.0346743
-0.0359705
-0.0370884
-0.0379341
-0.0384274
-0.0385405
-0.0383249
-0.0378944
-0.0110258
-0.0110179
-0.0110165
-0.0110215
-0.0110331
-0.0110514
-0.0110764
-0.0111084
-0.0111478
-0.0111951
-0.0112509
-0.011316
-0.0113913
-0.0114777
-0.0115766
-0.0116891
-0.0118169
-0.0119617
-0.0121253
-0.0123099
-0.0125179
-0.0127518
-0.0130147
-0.0133096
-0.01364
-0.0140095
-0.0144219
-0.0148813
-0.0153918
-0.0159576
-0.0165827
-0.0172708
-0.0180253
-0.0188485
-0.0197422
-0.0207065
-0.0217402
-0.0228397
-0.0239993
-0.0252097
-0.0264569
-0.0277183
-0.0289584
-0.0301224
-0.0311348
-0.0319088
-0.0323712
-0.0324982
-0.0323391
-0.0319989
-0.00998501
-0.00998952
-0.0099952
-0.0100019
-0.0100098
-0.010019
-0.0100296
-0.0100416
-0.0100555
-0.0100716
-0.0100903
-0.0101123
-0.0101384
-0.0101692
-0.0102059
-0.0102495
-0.0103012
-0.0103626
-0.0104353
-0.0105211
-0.0106222
-0.0107411
-0.0108803
-0.011043
-0.0112323
-0.011452
-0.0117059
-0.0119983
-0.0123336
-0.0127164
-0.0131515
-0.0136434
-0.0141966
-0.0148149
-0.0155016
-0.0162588
-0.0170872
-0.017986
-0.0189518
-0.0199781
-0.0210535
-0.0221584
-0.0232602
-0.0243075
-0.0252288
-0.0259424
-0.0263803
-0.0265218
-0.0264145
-0.0261576
-0.00894371
-0.00896073
-0.0089734
-0.00898172
-0.00898585
-0.00898585
-0.00898174
-0.00897363
-0.0089617
-0.00894622
-0.00892755
-0.00890612
-0.00888245
-0.00885717
-0.00883101
-0.00880483
-0.00877966
-0.00875666
-0.00873725
-0.00872302
-0.00871585
-0.0087179
-0.00873166
-0.00875994
-0.00880594
-0.00887326
-0.00896592
-0.00908831
-0.00924526
-0.00944193
-0.00968379
-0.00997643
-0.0103256
-0.0107366
-0.0112147
-0.0117641
-0.012388
-0.0130882
-0.0138642
-0.0147124
-0.0156244
-0.0165833
-0.017559
-0.0185025
-0.0193452
-0.0200083
-0.0204275
-0.0205842
-0.0205256
-0.0203468
-0.00790742
-0.00793689
-0.00795649
-0.00796633
-0.00796659
-0.00795728
-0.00793842
-0.00791002
-0.00787216
-0.00782499
-0.00776871
-0.00770359
-0.00762995
-0.00754819
-0.00745881
-0.0073624
-0.00725971
-0.00715164
-0.00703928
-0.00692396
-0.00680726
-0.00669107
-0.00657762
-0.00646955
-0.00636993
-0.00628231
-0.00621075
-0.00615988
-0.00613486
-0.00614147
-0.00618595
-0.00627505
-0.00641581
-0.00661548
-0.0068812
-0.00721976
-0.00763711
-0.00813801
-0.0087252
-0.00939844
-0.0101523
-0.010973
-0.0118323
-0.0126831
-0.0134579
-0.0140795
-0.0144853
-0.0146585
-0.0146465
-0.0145425
-0.00688162
-0.00692344
-0.00694988
-0.00696117
-0.00695748
-0.00693884
-0.00690518
-0.00685647
-0.00679267
-0.00671381
-0.00661992
-0.00651109
-0.00638743
-0.0062491
-0.00609636
-0.00592951
-0.00574902
-0.00555545
-0.0053496
-0.00513244
-0.00490526
-0.00466963
-0.0044275
-0.00418127
-0.00393383
-0.00368862
-0.00344976
-0.00322201
-0.00301092
-0.00282278
-0.00266474
-0.00254466
-0.00247114
-0.00245328
-0.00250059
-0.00262256
-0.00282834
-0.00312608
-0.00352229
-0.00402039
-0.00461862
-0.0053059
-0.00605637
-0.00682354
-0.00753998
-0.00812804
-0.00852545
-0.00871652
-0.00875003
-0.00871905
-0.00587179
-0.00592583
-0.005959
-0.00597165
-0.00596399
-0.005936
-0.00588761
-0.00581867
-0.00572906
-0.00561865
-0.00548733
-0.00533498
-0.00516149
-0.00496678
-0.00475081
-0.00451363
-0.00425533
-0.00397619
-0.00367662
-0.00335724
-0.00301896
-0.002663
-0.00229097
-0.00190498
-0.00150764
-0.00110227
-0.000692891
-0.0002844
0.000117404
0.000505651
0.000872431
0.00120866
0.0015042
0.00174784
0.0019276
0.00203087
0.002045
0.00195777
0.00175848
0.0014392
0.000997719
0.000441642
-0.000205
-0.000896038
-0.00156237
-0.00212433
-0.00251809
-0.00272883
-0.00280742
-0.00284951
-0.0048834
-0.00494946
-0.00498922
-0.00500317
-0.00499152
-0.00495427
-0.00489126
-0.0048023
-0.00468714
-0.00454552
-0.00437713
-0.00418167
-0.00395879
-0.00370814
-0.00342941
-0.0031223
-0.00278658
-0.00242214
-0.002029
-0.00160738
-0.00115777
-0.000680959
-0.000178162
0.000348928
0.000897989
0.00146601
0.0020491
0.00264241
0.00323992
0.00383438
0.00441708
0.00497785
0.0055049
0.00598495
0.00640318
0.00674369
0.00698971
0.00712449
0.00713215
0.00699966
0.00671973
0.00629615
0.00575068
0.00513016
0.00450653
0.00396395
0.00356911
0.00333701
0.00321282
0.0030963
-0.00392186
-0.00399968
-0.00404587
-0.00406106
-0.00404545
-0.00399905
-0.00392166
-0.003813
-0.0036727
-0.00350036
-0.00329548
-0.00305756
-0.00278599
-0.00248016
-0.00213943
-0.00176317
-0.00135077
-0.000901719
-0.000415593
0.000107832
0.000668572
0.0012663
0.00190033
0.00256942
0.00327174
0.00400462
0.00476453
0.00554675
0.00634528
0.00715255
0.00795931
0.00875432
0.00952429
0.0102537
0.0109249
0.0115182
0.0120124
0.0123853
0.012615
0.0126821
0.0125732
0.0122872
0.0118433
0.0112894
0.0107023
0.0101726
0.00977245
0.00951703
0.00934648
0.0091521
-0.00299248
-0.00308177
-0.00313422
-0.00315057
-0.00313107
-0.00307571
-0.00298425
-0.00285633
-0.00269146
-0.00248907
-0.00224851
-0.00196901
-0.00164975
-0.0012898
-0.000888196
-0.000443935
4.39752e-005
0.000576515
0.00115456
0.00177887
0.00244999
0.00316819
0.00393335
0.00474486
0.00560144
0.00650103
0.00744053
0.00841564
0.00942053
0.0104476
0.0114873
0.0125275
0.0135535
0.0145477
0.0154895
0.0163553
0.0171186
0.0177512
0.0182239
0.0185096
0.0185869
0.0184484
0.0181101
0.0176213
0.0170653
0.0165428
0.0161332
0.0158532
0.015635
0.0153578
-0.00210049
-0.00220089
-0.00225938
-0.00227684
-0.00225356
-0.00218949
-0.00208437
-0.00193775
-0.00174903
-0.00151747
-0.00124224
-0.000922334
-0.000556653
-0.000143979
0.000317008
0.000827687
0.0013895
0.00200389
0.00267226
0.00339594
0.00417611
0.00501367
0.00590923
0.00686288
0.00787413
0.00894161
0.010063
0.0112345
0.012451
0.0137049
0.0149868
0.0162841
0.0175809
0.0188578
0.0200912
0.0212534
0.0223123
0.0232326
0.0239765
0.0245069
0.0247929
0.0248182
0.0245942
0.0241718
0.0236434
0.0231226
0.0227007
0.0223955
0.0221287
0.0217613
-0.00125095
-0.00136205
-0.00142636
-0.00144488
-0.00141793
-0.00134548
-0.00122721
-0.00106259
-0.000850898
-0.00059125
-0.000282592
7.62967e-005
0.000486798
0.00095045
0.00146892
0.00204402
0.00267762
0.00337169
0.00412819
0.0049491
0.00583625
0.00679133
0.00781572
0.00891044
0.0100758
0.0113116
0.0126163
0.0139871
0.0154197
0.0169073
0.0184408
0.0200076
0.0215913
0.0231708
0.0247201
0.0262071
0.0275941
0.0288375
0.0298893
0.0307006
0.0312271
0.031441
0.0313466
0.0309962
0.0304936
0.0299708
0.0295345
0.0292057
0.0288904
0.0284232
-0.000448748
-0.000570101
-0.000639971
-0.000659507
-0.000629064
-0.00054861
-0.000417793
-0.000235999
-2.3891e-006
0.000284084
0.000624674
0.00102084
0.00147425
0.00198676
0.00256041
0.00319743
0.0039002
0.00467118
0.00551298
0.00642822
0.00741952
0.00848937
0.00964013
0.0108738
0.0121918
0.0135951
0.0150834
0.0166552
0.0183075
0.0200347
0.0218287
0.0236774
0.0255646
0.0274685
0.0293609
0.0312059
0.0329599
0.0345703
0.0359776
0.0371174
0.0379289
0.0383679
0.038428
0.0381614
0.0376864
0.0371596
0.0367105
0.0363634
0.0360023
0.0354224
0.000301413
0.000170325
9.51707e-005
7.46639e-005
0.000108405
0.000196414
0.000339077
0.000537086
0.000791397
0.00110322
0.001474
0.00190546
0.00239952
0.0029584
0.00358449
0.00428047
0.00504919
0.00589371
0.00681725
0.00782316
0.00891485
0.0100958
0.0113693
0.0127386
0.0142063
0.0157749
0.0174456
0.0192186
0.0210926
0.0230639
0.0251258
0.0272681
0.0294754
0.0317262
0.0339911
0.0362316
0.038398
0.0404292
0.0422516
0.0437832
0.044941
0.0456583
0.0459117
0.0457509
0.0453112
0.0447829
0.0443271
0.0439748
0.043576
0.0428669
0.00099507
0.00085481
0.000774681
0.000753254
0.000790069
0.000885129
0.00103884
0.00125198
0.0015256
0.00186109
0.0022601
0.00272456
0.0032567
0.00385905
0.00453441
0.00528585
0.00611677
0.00703077
0.00803174
0.00912378
0.0103112
0.0115984
0.0129898
0.0144899
0.016103
0.0178329
0.0196828
0.0216551
0.0237506
0.025968
0.0283034
0.0307489
0.0332914
0.035911
0.038579
0.0412554
0.0438863
0.0464017
0.0487139
0.0507193
0.0523072
0.0533797
0.0538871
0.0538704
0.0534847
0.0529651
0.0525194
0.0521879
0.0517704
0.0509101
0.001628
0.00147919
0.00139443
0.00137215
0.00141181
0.00151336
0.00167724
0.00190428
0.00219568
0.00255294
0.00297794
0.00347284
0.00404014
0.0046827
0.00540367
0.0062066
0.00709534
0.00807409
0.0091474
0.0103202
0.0115975
0.0129849
0.014488
0.0161127
0.0178648
0.01975
0.0217737
0.0239406
0.0262544
0.028717
0.0313278
0.0340827
0.0369723
0.0399805
0.0430811
0.0462353
0.0493872
0.0524601
0.0553523
0.0579368
0.0600683
0.061607
0.0624628
0.0626572
0.0623643
0.06188
0.0614792
0.061219
0.06082
0.0597796
0.00219623
0.00203955
0.00195059
0.00192756
0.00196981
0.00207726
0.00225033
0.00248994
0.00279738
0.00317435
0.00362287
0.00414535
0.00474457
0.00542367
0.0061862
0.00703609
0.00797769
0.00901577
0.0101555
0.0114026
0.0127631
0.0142434
0.0158506
0.0175918
0.0194746
0.0215067
0.0236959
0.0260496
0.0285749
0.0312773
0.0341609
0.0372263
0.0404699
0.0438812
0.0474397
0.0511113
0.0548424
0.0585533
0.0621315
0.0654264
0.0682534
0.0704174
0.0717693
0.0722911
0.0721705
0.07178
0.0714945
0.0713976
0.0710881
0.0698254
0.002696
0.00253225
0.00243962
0.00241603
0.00246066
0.00257335
0.00275456
0.00300527
0.00332689
0.00372126
0.00419061
0.00473755
0.00536512
0.00607676
0.00687633
0.00776817
0.00875708
0.00984838
0.0110479
0.012362
0.0137976
0.0153624
0.0170643
0.0189121
0.0209151
0.0230832
0.0254265
0.0279556
0.030681
0.033613
0.0367605
0.0401307
0.0437271
0.0475476
0.051581
0.0558025
0.0601665
0.0645978
0.0689797
0.0731432
0.0768631
0.0798782
0.0819556
0.0830083
0.0832178
0.0830483
0.0830148
0.0832482
0.0831547
0.0816049
0.00312371
0.00295392
0.00285836
0.00283451
0.00288133
0.0029986
0.0031868
0.003447
0.00378076
0.00419006
0.00467732
0.00524536
0.00589742
0.00663721
0.00746891
0.00839721
0.00942735
0.0105651
0.0118169
0.0131898
0.0146916
0.0163308
0.0181167
0.0200593
0.0221699
0.0244601
0.0269428
0.0296318
0.0325412
0.0356861
0.0390815
0.0427417
0.0466792
0.0509028
0.0554143
0.0602038
0.0652417
0.0704671
0.0757723
0.0809826
0.0858413
0.0900176
0.0931726
0.0951071
0.0959582
0.0962771
0.0967668
0.0976298
0.097975
0.0960285
0.00347577
0.00330145
0.00320407
0.00318046
0.00322934
0.00335046
0.00354439
0.00381234
0.00415603
0.00457761
0.00507966
0.00566517
0.0063376
0.00710088
0.00795944
0.0089183
0.00998303
0.0111599
0.0124558
0.0138785
0.0154364
0.0171389
0.0189964
0.0210204
0.0232234
0.0256194
0.0282235
0.0310524
0.0341244
0.0374591
0.0410778
0.0450028
0.0492565
0.0538608
0.058834
0.0641865
0.0699136
0.0759828
0.0823137
0.0887506
0.095031
0.100772
0.105522
0.108927
0.111012
0.112375
0.113927
0.115969
0.117149
0.114621
0.00374855
0.00357219
0.00347466
0.00345202
0.00350282
0.00362694
0.00382519
0.00409898
0.00445024
0.00488127
0.00539481
0.005994
0.00668245
0.00746426
0.00834411
0.00932725
0.0104196
0.0116277
0.0129589
0.0144215
0.0160245
0.0177782
0.0196938
0.0217839
0.0240624
0.026545
0.0292492
0.0321942
0.0354019
0.0388966
0.0427055
0.0468584
0.0513888
0.0563319
0.0617251
0.0676037
0.0739963
0.0809128
0.088325
0.0961322
0.104116
0.111897
0.118947
0.124746
0.129132
0.132643
0.136346
0.140613
0.143373
0.139976
0.00393856
0.00376429
0.00366903
0.00364822
0.00370066
0.0038267
0.00402761
0.00430514
0.00466143
0.00509896
0.00562055
0.00622947
0.00692942
0.00772465
0.00861997
0.00962083
0.0107333
0.0119644
0.0133217
0.0148138
0.0164503
0.0182421
0.020201
0.0223407
0.024676
0.0272241
0.0300042
0.033038
0.03635
0.0399687
0.0439261
0.0482596
0.0530116
0.0582313
0.0639744
0.0703036
0.0772854
0.0849846
0.0934483
0.102676
0.112565
0.122845
0.133031
0.142525
0.150958
0.15867
0.166686
0.175275
0.181194
0.176657
0.00404337
0.00387763
0.00378769
0.00376936
0.00382265
0.00394906
0.00415062
0.00442956
0.00478822
0.00522918
0.00575532
0.00636993
0.00707677
0.00788016
0.008785
0.00979686
0.010922
0.0121675
0.0135412
0.0150521
0.01671
0.0185261
0.020513
0.0226846
0.025057
0.0276479
0.0304779
0.0335702
0.0369518
0.0406536
0.0447118
0.0491688
0.0540749
0.0594899
0.065486
0.07215
0.0795863
0.0879177
0.0972824
0.107817
0.119616
0.13266
0.146732
0.161421
0.17636
0.191685
0.208122
0.225381
0.238182
0.233014
0.00406407
0.00391558
0.00383364
0.00381726
0.0038695
0.00399393
0.0041937
0.00447149
0.00482977
0.00527109
0.00579826
0.00641453
0.00712365
0.00792993
0.0088383
0.00985436
0.0109845
0.0122358
0.0136162
0.0151349
0.0168019
0.0186285
0.0206275
0.0228133
0.0252021
0.0278124
0.0306653
0.0337849
0.0371992
0.0409407
0.0450477
0.0495658
0.0545495
0.0600657
0.0661969
0.0730473
0.0807498
0.0894772
0.099453
0.110962
0.124348
0.139977
0.158176
0.179183
0.203239
0.230863
0.262726
0.297597
0.326688
0.325833
0.00401022
0.00388752
0.00381324
0.00379524
0.00384248
0.00396152
0.00415662
0.00443063
0.00478584
0.00522454
0.00574934
0.00636333
0.00707016
0.00787412
0.00878008
0.00979363
0.0109211
0.0121696
0.0135472
0.0150628
0.0167266
0.0185499
0.0205454
0.0227275
0.0251125
0.0277189
0.0305677
0.0336831
0.0370933
0.0408308
0.0449342
0.0494494
0.0544319
0.0599499
0.066089
0.0729592
0.080706
0.089528
0.0997042
0.111633
0.125884
0.143249
0.164779
0.191846
0.226253
0.270448
0.327143
0.396237
0.465239
0.491503
0.00390846
0.00381179
0.00373609
0.00370716
0.00374254
0.0038517
0.00403912
0.00430696
0.00465672
0.00509009
0.00560931
0.00621724
0.0069174
0.00771394
0.0086117
0.00961618
0.0107336
0.011971
0.0133363
0.0148383
0.016487
0.0182935
0.0202703
0.0224316
0.0247931
0.0273731
0.0301918
0.033273
0.0366436
0.0403353
0.0443849
0.0488362
0.0537419
0.0591664
0.0651897
0.071915
0.0794788
0.0880718
0.0979729
0.109611
0.123663
0.14121
0.163941
0.194494
0.236916
0.297494
0.385328
0.510658
0.671668
0.80841
0.00381528
0.00371697
0.00361298
0.00355539
0.00356931
0.00366401
0.00384154
0.0041017
0.00444432
0.00487015
0.00538093
0.00597929
0.0066686
0.00745292
0.00833696
0.00932608
0.0104264
0.0116447
0.0129888
0.0144671
0.0160894
0.0178664
0.0198102
0.0219343
0.024254
0.0267863
0.029551
0.0325698
0.0358685
0.0394759
0.0434262
0.0477587
0.0525205
0.0577671
0.0635666
0.0700027
0.0771829
0.0852519
0.0944215
0.105034
0.117675
0.133418
0.154124
0.183214
0.226474
0.294424
0.40514
0.590706
0.906822
1.43129
